t,wl,wr,u
0.0,0.0,0.0,0.0
0.030007000000001227,0.0,0.0,0.0
0.14341699999999946,0.0,0.0,0.0
0.15784999999999982,0.0,0.0,0.0
0.18004399999999876,0.0,0.0,0.0
0.21000300000000038,0.0,0.0,0.0
0.24005100000000112,0.0,0.0,0.0
0.27003600000000105,0.0,0.0,0.0
0.38341000000000136,0.0,0.0,0.0
0.39779000000000053,0.0,0.0,0.0
0.41999999999999815,0.0,0.0,0.0
0.5334210000000006,0.0,0.0,0.0
0.5478379999999987,0.0,0.0,0.0
0.570021999999998,0.0,0.0,0.0
0.6000160000000001,0.0,0.0,0.0
0.6300339999999984,0.0,0.0,0.0
0.6600409999999997,0.0,0.0,0.0
0.6899949999999997,0.0,0.0,0.0
0.7200389999999999,0.0,0.0,0.0
0.7499789999999997,0.0,0.0,0.0
0.8645150000000008,0.0,0.0,0.0
0.878698,0.0,0.0,0.0
0.9000109999999992,0.0,0.0,0.0
0.9299800000000005,0.0,0.0,0.0
0.9600469999999994,0.0,0.0,0.0
0.9899850000000008,0.0,0.0,0.0
1.0200159999999983,0.0,0.0,0.0
1.0500420000000013,0.0,0.0,0.0
1.0799920000000007,0.0,0.0,0.0
1.1099999999999994,0.0,0.0,0.0
1.139994999999999,0.0,0.0,0.0
1.253547000000001,0.0,0.0,0.0
1.2691669999999995,0.0,0.0,0.0
1.2899959999999986,0.0,0.0,0.0
1.3200000000000003,0.0,0.0,0.0
1.3500060000000005,0.0,0.0,0.0
1.3799990000000015,0.0,0.0,0.0
1.4100460000000012,0.0,0.0,0.0
1.4399949999999997,0.0,0.0,0.0
1.4699959999999983,0.0,0.0,0.0
1.5000600000000013,0.0,0.0,0.0
1.5300170000000008,0.0,0.0,0.0
1.6435139999999997,0.0,0.0,0.0
1.6567380000000007,0.0,0.0,0.0
1.6799989999999987,0.0,0.0,0.0
1.7099989999999998,0.0,0.0,0.0
1.7400610000000007,0.0,0.0,0.0
1.7700369999999985,0.0,0.0,0.0
1.799990000000001,0.0,0.0,0.0
1.8300589999999985,0.0,0.0,0.0
1.8600290000000008,0.0,0.0,0.0
1.889996,0.0,0.0,0.0
1.9200109999999988,0.0,0.0,0.0
1.9500260000000011,0.0,0.0,0.0
1.9799979999999984,0.0,0.0,0.0
2.0100300000000004,0.0,0.0,0.0
2.040077,0.0,0.0,0.0
2.070031,0.0,0.0,0.0
2.0999930000000013,0.0,0.0,0.0
2.2135339999999992,0.0,0.0,0.0
2.229130999999999,0.0,0.0,0.0
2.250024,0.0,0.0,0.0
2.2800179999999983,0.0,0.0,0.0
2.3100379999999987,0.0,0.0,0.0
2.3400329999999983,0.0,0.0,0.0
2.370037,0.0,0.0,0.0
2.4000169999999983,0.0,0.0,0.0
2.4300040000000003,0.0,0.0,0.0
2.4600480000000005,0.0,0.0,0.0
2.573602000000001,0.0,0.0,0.0
2.588273000000001,0.0,0.0,0.0
2.6100689999999993,0.0,0.0,0.0
2.6400569999999988,0.0,0.0,0.0
2.669979999999999,0.0,0.0,0.0
2.6999969999999998,0.0,0.0,0.0
2.7300049999999985,0.0,0.0,0.0
2.7600279999999984,0.0,0.0,0.0
2.790044999999999,0.0,0.0,0.0
2.820069,0.0,0.0,0.0
2.933458999999999,0.0,0.0,0.0
2.948478999999999,0.0,0.0,0.0
2.9700260000000007,0.0,0.0,0.0
3.0000099999999996,0.0,0.0,0.0
3.0299809999999994,0.0,0.0,0.0
3.0600419999999993,0.0,0.0,0.0
3.0900159999999985,0.0,0.0,0.0
3.1200019999999995,0.0,0.0,0.0
3.150044000000001,0.0,0.0,0.0
3.1800420000000003,0.0,0.0,0.0
3.2100490000000015,0.0,0.0,0.0
3.2400069999999985,0.0,0.0,0.0
3.269984000000001,0.0,0.0,0.0
3.300034,0.0,0.0,0.0
3.330037000000001,0.0,0.0,0.0
3.360015999999998,0.0,0.0,0.0
3.3900049999999986,0.0,0.0,0.0
3.420030999999998,0.0,0.0,0.0
3.450071000000001,0.0,0.0,0.0
3.4799909999999983,0.0,0.0,0.0
3.5100109999999987,0.0,0.0,0.0
3.540063,0.0,0.0,0.0
3.5699760000000005,0.0,0.0,0.0
3.600045999999999,0.0,0.0,0.0
3.630013999999999,0.0,0.0,0.0
3.659993,0.0,0.0,0.0
3.6899750000000004,0.0,0.0,0.0
3.720001,0.0,0.0,0.0
3.7500040000000006,0.0,0.0,0.0
3.780006,0.0,0.0,0.0
3.809998,0.0,0.0,0.0
3.8400309999999998,0.0,0.0,0.0
3.8700249999999983,0.0,0.0,0.0
3.9000449999999987,0.0,0.0,0.0
3.9300560000000004,0.0,0.0,0.0
3.9600299999999997,0.0,0.0,0.0
3.989985000000001,0.0,0.0,0.0
4.10492,0.0,0.0,0.0
4.120104999999999,0.0,0.0,0.0
4.139990000000001,0.0,0.0,0.0
4.170017000000001,0.0,0.0,0.0
4.200026999999999,0.0,0.0,0.0
4.313417999999999,0.0,0.0,0.0
4.32874,0.0,0.0,0.0
4.350017000000001,0.0,0.0,0.0
4.380032,0.0,0.0,0.0
4.410019999999999,0.0,0.0,0.0
4.4399809999999995,0.0,0.0,0.0
4.469989999999999,0.0,0.0,0.0
4.500019999999999,0.0,0.0,0.0
4.529999,0.0,0.0,0.0
4.560033000000001,0.0,0.0,0.0
4.590156,0.4654211338651545,0.6981317007977318,6.25
4.620826000000001,17.91871365380845,19.547687622336493,6.25
4.651454000000001,31.64863710283051,33.743032205223706,6.25
4.682193000000002,38.16453297694267,40.02621751240329,6.25
4.712800000000001,41.18977034706619,42.120612614796485,6.25
4.743380999999999,42.58603374866164,43.05145488252679,6.25
4.7741620000000005,43.98229715025711,44.44771828412225,6.25
4.805695,45.378560551852566,46.0766922526503,6.25
4.836362000000001,43.98229715025711,45.14584998491999,6.25
4.866893000000001,44.215007717189685,45.378560551852566,6.25
4.8975529999999985,44.215007717189685,45.843981685717715,6.25
4.9283269999999995,44.44771828412225,46.309402819582886,6.25
4.958753999999999,44.215007717189685,46.0766922526503,6.25
4.990130000000001,45.378560551852566,47.00753452038061,6.25
5.020813,44.680428851054835,46.54211338651546,6.25
5.051210000000001,44.44771828412225,46.0766922526503,6.25
5.081842999999999,44.680428851054835,46.309402819582886,6.25
5.112407000000001,44.44771828412225,46.309402819582886,6.25
5.142904999999999,44.44771828412225,46.309402819582886,6.25
5.173438000000001,44.44771828412225,46.54211338651546,6.25
5.204874,45.843981685717715,47.70566622117834,6.25
5.235329,44.680428851054835,46.309402819582886,6.25
5.266071,44.680428851054835,46.774823953448035,6.25
5.296721000000002,44.913139417987416,46.774823953448035,6.25
5.327392,44.913139417987416,46.54211338651546,6.25
5.358000999999998,44.680428851054835,46.54211338651546,6.25
5.389334000000002,46.0766922526503,47.70566622117834,6.25
5.420033,45.14584998491999,46.774823953448035,6.25
5.450613000000001,44.913139417987416,46.309402819582886,6.25
5.481272000000001,45.14584998491999,46.54211338651546,6.25
5.511744,44.680428851054835,46.54211338651546,6.25
5.5423909999999985,45.14584998491999,46.54211338651546,6.25
5.573038,45.14584998491999,46.54211338651546,6.25
5.604191,45.843981685717715,47.472955654245766,6.25
5.634855999999999,45.14584998491999,46.774823953448035,6.25
5.665520999999998,44.913139417987416,46.54211338651546,6.25
5.696159999999999,44.913139417987416,46.774823953448035,6.25
5.726756999999999,44.680428851054835,46.54211338651546,6.25
5.757373999999999,45.14584998491999,46.774823953448035,6.25
5.788959999999999,46.309402819582886,47.70566622117834,6.25
5.819479999999999,44.913139417987416,46.0766922526503,6.25
5.850093999999999,44.680428851054835,46.309402819582886,6.25
5.880672000000001,45.14584998491999,46.54211338651546,6.25
5.911490999999998,45.14584998491999,46.774823953448035,6.25
5.942088999999999,44.913139417987416,46.774823953448035,6.25
5.972632999999998,44.913139417987416,46.309402819582886,6.25
6.004145999999999,45.843981685717715,47.93837678811092,6.25
6.034651,44.913139417987416,46.54211338651546,6.25
6.0653739999999985,45.14584998491999,46.774823953448035,6.25
6.095970999999999,45.14584998491999,46.774823953448035,6.25
6.126559,44.913139417987416,46.774823953448035,6.25
6.157018999999998,44.913139417987416,46.774823953448035,6.25
6.188568,46.0766922526503,48.40379792197608,6.25
6.219203,45.14584998491999,47.00753452038061,6.25
6.2499259999999985,44.913139417987416,47.00753452038061,6.25
6.280432999999999,44.913139417987416,47.240245087313184,6.25
6.311108999999998,45.14584998491999,47.00753452038061,6.25
6.341819000000001,45.14584998491999,46.774823953448035,6.25
6.372499999999999,45.14584998491999,47.00753452038061,6.25
6.403700000000001,46.0766922526503,47.472955654245766,6.25
6.434435000000001,45.14584998491999,47.240245087313184,6.25
6.465056000000001,45.14584998491999,46.774823953448035,6.25
6.495498000000001,44.680428851054835,46.54211338651546,6.25
6.526164999999999,45.14584998491999,46.54211338651546,6.25
6.556705000000001,45.14584998491999,46.774823953448035,6.25
6.588121000000001,46.309402819582886,47.70566622117834,6.25
6.618475,44.680428851054835,46.54211338651546,6.25
6.64911,45.14584998491999,46.774823953448035,6.25
6.679713,44.913139417987416,46.774823953448035,6.25
6.710304000000001,45.14584998491999,46.774823953448035,6.25
6.740959,44.913139417987416,46.774823953448035,6.25
6.771660000000001,45.378560551852566,47.240245087313184,6.25
6.8030599999999986,46.309402819582886,48.17108735504349,6.25
6.833556999999999,44.913139417987416,47.00753452038061,6.25
6.864024000000001,44.680428851054835,46.774823953448035,6.25
6.894617,45.14584998491999,47.00753452038061,6.25
6.925362,45.14584998491999,47.240245087313184,6.25
6.956068999999999,45.14584998491999,47.00753452038061,6.25
6.987162999999999,45.843981685717715,47.472955654245766,6.25
7.017855000000001,45.14584998491999,47.00753452038061,6.25
7.048704000000001,45.378560551852566,47.240245087313184,6.25
7.079373,45.378560551852566,47.00753452038061,6.25
7.110042,45.14584998491999,47.240245087313184,6.25
7.140515999999998,44.913139417987416,47.00753452038061,6.25
7.171074000000001,44.913139417987416,47.00753452038061,6.25
7.202375,45.843981685717715,47.93837678811092,6.25
7.232897000000001,45.14584998491999,47.240245087313184,6.25
7.263711000000001,45.61127111878515,47.240245087313184,6.25
7.294381000000001,45.14584998491999,46.774823953448035,6.25
7.324925,45.14584998491999,46.0766922526503,6.25
7.355547000000001,45.14584998491999,46.309402819582886,6.25
7.386779999999998,46.0766922526503,47.00753452038061,6.25
7.417480000000001,45.14584998491999,46.309402819582886,6.25
7.447994999999999,44.913139417987416,45.843981685717715,6.25
7.478643999999999,44.913139417987416,46.0766922526503,6.25
7.509118000000001,44.913139417987416,45.843981685717715,6.25
7.539760000000001,45.378560551852566,46.0766922526503,6.25
7.570250999999999,44.680428851054835,45.843981685717715,6.25
7.601510000000001,46.0766922526503,47.240245087313184,6.25
7.6321270000000005,45.14584998491999,46.0766922526503,6.25
7.662765,44.913139417987416,46.0766922526503,6.25
7.693238999999998,45.14584998491999,46.309402819582886,6.25
7.723876000000001,44.913139417987416,46.0766922526503,6.25
7.754463999999999,45.14584998491999,46.309402819582886,6.25
7.785080999999998,44.913139417987416,46.54211338651546,6.25
7.816704000000001,46.309402819582886,47.93837678811092,6.25
7.847131000000001,44.913139417987416,46.309402819582886,6.25
7.877700999999998,45.14584998491999,46.54211338651546,6.25
7.90821,44.680428851054835,46.309402819582886,6.25
7.939070000000001,45.61127111878515,47.00753452038061,6.25
7.969649,45.14584998491999,46.54211338651546,6.25
8.001121000000001,46.309402819582886,47.93837678811092,6.25
8.031713,45.14584998491999,46.774823953448035,6.25
8.062323,44.913139417987416,46.54211338651546,6.25
8.092823,45.14584998491999,46.54211338651546,6.25
8.123460000000001,45.14584998491999,46.774823953448035,6.25
8.154126999999999,45.14584998491999,47.00753452038061,6.25
8.184456999999998,44.680428851054835,46.309402819582886,6.25
8.216058,46.54211338651546,48.40379792197608,6.25
8.246848,45.378560551852566,47.00753452038061,6.25
8.277494,45.14584998491999,46.774823953448035,6.25
8.308005000000001,44.913139417987416,46.309402819582886,6.25
8.338605999999999,45.378560551852566,46.774823953448035,6.25
8.369155,44.913139417987416,46.54211338651546,6.25
