t,wl,wr,u
0.0,0.0,0.0,0.0
0.02505700000000033,0.0,0.0,0.0
0.05004500000000078,0.0,0.0,0.0
0.07505800000000029,0.0,0.0,0.0
0.09999400000000058,0.0,0.0,0.0
0.21453900000000026,0.0,0.0,0.0
0.22973900000000036,0.0,0.0,0.0
0.25,0.0,0.0,0.0
0.27507400000000004,0.0,0.0,0.0
0.3000870000000013,0.0,0.0,0.0
0.32504500000000114,0.0,0.0,0.0
0.3500000000000014,0.0,0.0,0.0
0.37499200000000066,0.0,0.0,0.0
0.40009400000000106,0.0,0.0,0.0
0.425021000000001,0.0,0.0,0.0
0.45000900000000144,0.0,0.0,0.0
0.47509000000000157,0.0,0.0,0.0
0.4999890000000011,0.0,0.0,0.0
0.525055,0.0,0.0,0.0
0.6387910000000012,0.0,0.0,0.0
0.6529389999999999,0.0,0.0,0.0
0.6749930000000006,0.0,0.0,0.0
0.700057000000001,0.0,0.0,0.0
0.7250590000000017,0.0,0.0,0.0
0.7500230000000023,0.0,0.0,0.0
0.7749900000000025,0.0,0.0,0.0
0.8000430000000023,0.0,0.0,0.0
0.8250530000000005,0.0,0.0,0.0
0.850004000000002,0.0,0.0,0.0
0.8750660000000003,0.0,0.0,0.0
0.899992000000001,0.0,0.0,0.0
0.9250250000000015,0.0,0.0,0.0
0.9499870000000001,0.0,0.0,0.0
0.9750599999999991,0.0,0.0,0.0
1.000046000000001,0.0,0.0,0.0
1.0250219999999999,0.0,0.0,0.0
1.0500360000000022,0.0,0.0,0.0
1.075006000000002,0.0,0.0,0.0
1.100009,0.0,0.0,0.0
1.1249959999999994,0.0,0.0,0.0
1.150068000000001,0.0,0.0,0.0
1.1750070000000008,0.0,0.0,0.0
1.200050000000001,0.0,0.0,0.0
1.2250340000000008,0.0,0.0,0.0
1.250005999999999,0.0,0.0,0.0
1.2750559999999993,0.0,0.0,0.0
1.3885490000000011,0.0,0.0,0.0
1.4018630000000023,0.0,0.0,0.0
1.4250010000000017,0.0,0.0,0.0
1.4500300000000017,0.0,0.0,0.0
1.4750590000000017,0.0,0.0,0.0
1.5000210000000003,0.0,0.0,0.0
1.5250559999999993,0.0,0.0,0.0
1.5500340000000001,0.0,0.0,0.0
1.5750270000000022,0.0,0.0,0.0
1.5999920000000003,0.0,0.0,0.0
1.6250430000000016,0.0,0.0,0.0
1.6500380000000021,0.0,0.0,0.0
1.6749970000000012,0.0,0.0,0.0
1.7000230000000016,0.0,0.0,0.0
1.7250240000000012,0.0,0.0,0.0
1.7499910000000014,0.0,0.0,0.0
1.7750570000000003,0.0,0.0,0.0
1.8000460000000018,0.0,0.0,0.0
1.8250530000000005,0.0,0.0,0.0
1.850016,0.0,0.0,0.0
1.8750239999999998,0.0,0.0,0.0
1.9000869999999992,0.0,0.0,0.0
1.9250250000000015,0.0,0.0,0.0
1.950049,0.0,0.0,0.0
1.9749979999999994,0.0,0.0,0.0
2.0000110000000006,0.0,0.0,0.0
2.025061000000001,0.0,0.0,0.0
2.050046000000002,0.0,0.0,0.0
2.0750740000000008,0.0,0.0,0.0
2.1000380000000014,0.0,0.0,0.0
2.1250500000000017,0.0,0.0,0.0
2.150029,0.0,0.0,0.0
2.1750000000000007,0.0,0.0,0.0
2.200012000000001,0.0,0.0,0.0
2.2250569999999996,0.0,0.0,0.0
2.2500420000000005,0.0,0.0,0.0
2.2749950000000005,0.0,0.0,0.0
2.299991000000002,0.0,0.0,0.0
2.3250480000000024,0.0,0.0,0.0
2.349997000000002,0.0,0.0,0.0
2.3749970000000005,0.0,0.0,0.0
2.4000249999999994,0.0,0.0,0.0
2.425028000000001,0.0,0.0,0.0
2.4500540000000015,0.0,0.0,0.0
2.475062000000001,0.0,0.0,0.0
2.500009000000002,0.0,0.0,0.0
2.5249960000000016,0.0,0.0,0.0
2.550045000000001,0.0,0.0,0.0
2.5750170000000026,0.0,0.0,0.0
2.600072000000001,0.0,0.0,0.0
2.625002000000002,0.0,0.0,0.0
2.650000000000002,0.0,0.0,0.0
2.6750679999999996,0.0,0.0,0.0
2.7000069999999994,0.0,0.0,0.0
2.7250000000000014,0.0,0.0,0.0
2.750038,0.0,0.0,0.0
2.775030000000001,0.0,0.0,0.0
2.8000040000000013,0.0,0.0,0.0
2.825013000000002,0.0,0.0,0.0
2.850061,0.0,0.0,0.0
2.874995000000002,0.0,0.0,0.0
2.900037000000001,0.0,0.0,0.0
2.925045000000001,0.0,0.0,0.0
2.9500449999999994,0.0,0.0,0.0
2.9750289999999993,0.0,0.0,0.0
2.9999910000000014,0.0,0.0,0.0
3.113441999999999,0.0,0.0,0.0
3.127980000000001,0.0,0.0,0.0
3.1500140000000023,0.0,0.0,0.0
3.1750630000000015,0.0,0.0,0.0
3.2000279999999997,0.0,0.0,0.0
3.225049000000002,0.0,0.0,0.0
3.250038,0.0,0.0,0.0
3.363963000000002,0.0,0.0,0.0
3.3791200000000003,0.0,0.0,0.0
3.400000000000002,0.0,0.0,0.0
3.4250679999999996,0.0,0.0,0.0
3.4503909999999998,0.0,0.0,0.0
3.48095,0.0,0.0,6.25
3.512133000000002,17.31366617978375,18.989182261698303,6.25
3.5427680000000024,36.582101121801145,39.09537524467298,6.25
3.5734650000000023,44.95968153137392,47.472955654245766,6.25
3.6039850000000015,48.86921905584122,50.26548245743669,6.25
3.6343999999999994,50.54473513775578,51.661745859032145,6.25
3.665198,52.220251219670345,53.3372619409467,6.25
3.6960370000000005,53.05800926062762,53.8957673015849,6.25
3.727518,54.454272662223076,55.85053606381855,6.25
3.7583280000000023,53.3372619409467,55.012778022861255,6.25
3.789079000000001,53.3372619409467,55.29203070318035,6.25
3.819680999999999,52.778756580308524,54.733525342542166,6.25
3.850218999999999,53.3372619409467,55.29203070318035,6.25
3.880815000000002,53.05800926062762,55.571283383499456,6.25
3.912244000000001,54.733525342542166,57.24679946541401,6.25
3.942693000000002,53.05800926062762,55.29203070318035,6.25
3.9732550000000018,53.3372619409467,55.85053606381855,6.25
4.003934000000001,53.3372619409467,55.85053606381855,6.25
4.0344770000000025,53.3372619409467,55.85053606381855,6.25
4.065128000000001,53.3372619409467,55.85053606381855,6.25
4.095703,53.3372619409467,56.129788744137635,6.25
4.127175000000001,55.012778022861255,57.805304826052186,6.25
4.1577860000000015,53.3372619409467,56.129788744137635,6.25
4.1882480000000015,53.61651462126579,56.409041424456724,6.25
4.218844000000001,53.3372619409467,56.129788744137635,6.25
4.249421000000002,53.61651462126579,56.68829410477582,6.25
4.280079000000001,53.3372619409467,56.129788744137635,6.25
4.31147,55.012778022861255,58.64306286700947,6.25
4.342098,53.8957673015849,56.68829410477582,6.25
4.372610999999999,53.3372619409467,56.409041424456724,6.25
4.403290999999999,53.61651462126579,56.68829410477582,6.25
4.434070000000002,54.17501998190398,57.24679946541401,6.25
4.464531000000001,53.61651462126579,56.68829410477582,6.25
4.495168,53.61651462126579,56.68829410477582,6.25
4.526537000000001,55.012778022861255,57.805304826052186,6.25
4.557010000000002,53.8957673015849,56.68829410477582,6.25
4.587714999999999,53.8957673015849,57.24679946541401,6.25
4.618387000000002,53.8957673015849,56.96754678509491,6.25
4.64903,53.8957673015849,56.68829410477582,6.25
4.679759000000001,54.17501998190398,56.68829410477582,6.25
4.710981,54.733525342542166,58.08455750637128,6.25
4.741647,54.17501998190398,56.96754678509491,6.25
4.772311999999999,53.8957673015849,56.96754678509491,6.25
4.802886000000001,53.8957673015849,56.68829410477582,6.25
4.833504000000001,54.17501998190398,57.24679946541401,6.25
4.864163000000001,53.8957673015849,56.68829410477582,6.25
4.894838,54.17501998190398,56.68829410477582,6.25
4.926418999999999,55.571283383499456,58.36381018669038,6.25
4.957060000000002,54.17501998190398,56.96754678509491,6.25
4.987636999999999,54.17501998190398,57.24679946541401,6.25
5.018326999999999,54.17501998190398,56.96754678509491,6.25
5.049081000000001,54.17501998190398,57.5260521457331,6.25
5.0795780000000015,53.8957673015849,56.96754678509491,6.25
5.1107530000000025,55.29203070318035,58.08455750637128,6.25
5.141546999999999,54.17501998190398,57.5260521457331,6.25
5.1722660000000005,54.454272662223076,57.24679946541401,6.25
5.202939000000001,54.17501998190398,56.96754678509491,6.25
5.233425,53.8957673015849,56.409041424456724,6.25
5.263988000000001,53.8957673015849,56.68829410477582,6.25
5.294572000000002,54.17501998190398,56.68829410477582,6.25
5.3257660000000016,55.29203070318035,57.805304826052186,6.25
5.356443000000002,54.17501998190398,56.96754678509491,6.25
5.386984999999999,54.17501998190398,56.409041424456724,6.25
5.417744000000003,54.454272662223076,56.96754678509491,6.25
5.448472000000002,54.454272662223076,56.96754678509491,6.25
5.479153,54.17501998190398,56.68829410477582,6.25
5.509741000000002,54.454272662223076,56.96754678509491,6.25
5.541428,56.129788744137635,58.64306286700947,6.25
5.572017000000002,54.17501998190398,56.409041424456724,6.25
5.602572000000002,54.17501998190398,56.68829410477582,6.25
5.633297000000002,54.454272662223076,56.68829410477582,6.25
5.663679000000002,53.8957673015849,56.129788744137635,6.25
5.694404000000002,53.8957673015849,56.68829410477582,6.25
5.725805000000001,55.012778022861255,57.5260521457331,6.25
5.756226000000002,53.3372619409467,56.129788744137635,6.25
5.786860000000001,53.8957673015849,56.409041424456724,6.25
5.817568000000001,53.61651462126579,56.409041424456724,6.25
5.8480380000000025,53.61651462126579,55.571283383499456,6.25
5.878451999999999,53.3372619409467,55.571283383499456,6.25
5.909181,53.8957673015849,56.129788744137635,6.25
5.94097,55.85053606381855,58.08455750637128,6.25
5.971685000000001,54.17501998190398,56.129788744137635,6.25
6.002262999999999,53.61651462126579,56.129788744137635,6.25
6.032855000000001,53.61651462126579,55.85053606381855,6.25
6.063417000000001,54.17501998190398,56.129788744137635,6.25
6.094045000000001,53.61651462126579,56.129788744137635,6.25
6.125463,55.29203070318035,57.5260521457331,6.25
6.155940000000001,53.8957673015849,56.129788744137635,6.25
6.1866699999999994,53.8957673015849,56.129788744137635,6.25
6.217396000000001,54.17501998190398,56.409041424456724,6.25
6.248218000000001,54.17501998190398,56.96754678509491,6.25
6.278974000000002,54.17501998190398,56.68829410477582,6.25
6.310136,55.012778022861255,57.5260521457331,6.25
6.340757,53.8957673015849,56.68829410477582,6.25
6.371480000000002,54.17501998190398,56.68829410477582,6.25
6.4021609999999995,54.17501998190398,56.96754678509491,6.25
6.432736000000002,53.3372619409467,56.409041424456724,6.25
6.4629639999999995,53.61651462126579,56.409041424456724,6.25
6.4935849999999995,53.8957673015849,56.96754678509491,6.25
6.524825,55.29203070318035,58.08455750637128,6.25
6.555408,53.61651462126579,56.96754678509491,6.25
6.586161000000001,54.454272662223076,57.24679946541401,6.25
6.616848000000001,53.8957673015849,57.24679946541401,6.25
6.647456000000002,53.61651462126579,56.409041424456724,6.25
6.6781320000000015,54.454272662223076,57.24679946541401,6.25
6.7087090000000025,53.8957673015849,56.96754678509491,6.25
6.740368,55.85053606381855,58.922315547328566,6.25
6.771115000000002,54.454272662223076,56.96754678509491,6.25
6.801801000000001,53.8957673015849,57.24679946541401,6.25
6.8324169999999995,53.8957673015849,56.96754678509491,6.25
6.862861000000002,53.8957673015849,56.96754678509491,6.25
6.893398000000001,53.8957673015849,57.24679946541401,6.25
6.924907000000001,55.571283383499456,58.64306286700947,6.25
6.95552,53.61651462126579,57.24679946541401,6.25
6.985952000000001,53.61651462126579,56.96754678509491,6.25
7.016560999999999,53.8957673015849,57.24679946541401,6.25
7.047150000000002,53.8957673015849,57.24679946541401,6.25
7.077864000000002,53.8957673015849,57.24679946541401,6.25
7.108364000000002,53.8957673015849,57.24679946541401,6.25
7.139997000000001,55.85053606381855,59.201568227647655,6.25
7.1706160000000025,54.17501998190398,57.24679946541401,6.25
7.201150000000002,53.61651462126579,56.68829410477582,6.25
7.231545000000001,53.8957673015849,56.68829410477582,6.25
7.262293,54.454272662223076,57.5260521457331,6.25
7.292994,54.17501998190398,56.96754678509491,6.25
7.3244640000000025,55.29203070318035,58.64306286700947,6.25
7.354967000000002,54.17501998190398,56.96754678509491,6.25
7.385643999999999,54.17501998190398,56.96754678509491,6.25
7.4164030000000025,54.454272662223076,56.96754678509491,6.25
7.447123000000001,54.17501998190398,57.24679946541401,6.25
7.477698,54.17501998190398,56.96754678509491,6.25
7.508172999999999,53.8957673015849,56.96754678509491,6.25
7.539854999999999,55.85053606381855,59.201568227647655,6.25
7.5706060000000015,54.454272662223076,57.5260521457331,6.25
7.601293999999999,54.17501998190398,57.5260521457331,6.25
7.631964,54.454272662223076,57.5260521457331,6.25
7.662568,53.8957673015849,57.24679946541401,6.25
7.693206,54.454272662223076,57.5260521457331,6.25
7.724520999999999,55.29203070318035,59.201568227647655,6.25
7.755206000000001,54.454272662223076,57.5260521457331,6.25
7.786015000000003,54.454272662223076,57.5260521457331,6.25
7.8167500000000025,54.733525342542166,57.5260521457331,6.25
7.847357000000002,53.8957673015849,57.24679946541401,6.25
