t,u,wl,wr
0,0,0,0
0.025053999999999,0,0,0
0.050082999999999,0,0,0
0.0750289999999989,0,0,0
0.100149,0,0,0
0.125007,0,0,0
0.1501,0,0,0
0.175056999999999,0,0,0
0.200011999999999,0,0,0
0.225,0,0,0
0.250107999999999,0,0,0
0.275145,0,0,0
0.300009999999999,0,0,0
0.325127999999999,0,0,0
0.350062999999999,0,0,0
0.375048999999999,0,0,0
0.400058999999999,0,0,0
0.425035999999999,0,0,0
0.450018999999999,0,0,0
0.475095999999999,0,0,0
0.500105999999999,0,0,0
0.525288,0,0,0
0.550077,0,0,0
0.575042,0,0,0
0.600071999999999,0,0,0
0.625065999999999,0,0,0
0.650001,0,0,0
0.675013999999999,0,0,0
0.700068999999999,0,0,0
0.725,0,0,0
0.750064,0,0,0
0.775091,0,0,0
0.800065999999999,0,0,0
0.825061999999999,0,0,0
0.850049,0,0,0
0.875038999999999,0,0,0
0.900001999999999,0,0,0
0.925096999999999,0,0,0
0.950111,0,0,0
0.975007,0,0,0
1.000071,0,0,0
1.025196,3.105,0,0
1.050048,3.105,7.26056968829641,6.42281164733913
1.075044,3.105,15.079644737231,14.2418866962737
1.100134,3.105,18.7099295813792,18.151424220741
1.125127,3.105,20.1061929829747,20.1061929829747
1.150072,3.105,20.6646983436129,20.6646983436129
1.17504,3.105,20.943951023932,21.5024563845701
1.2,3.105,21.5024563845701,21.5024563845701
1.224996,3.105,21.223203704251,22.0609617452083
1.25004,3.105,21.5024563845701,21.7817090648892
1.2751,3.105,21.5024563845701,22.0609617452083
1.300138,3.105,21.5024563845701,21.7817090648892
1.325011,3.105,21.5024563845701,22.0609617452083
1.350065,3.105,21.5024563845701,22.0609617452083
1.375058,3.105,21.5024563845701,21.7817090648892
1.400045,3.105,21.223203704251,22.0609617452083
1.425065,3.105,21.5024563845701,22.0609617452083
1.450011,3.105,21.5024563845701,22.0609617452083
1.475158,3.105,21.7817090648892,22.0609617452083
1.500101,3.105,21.223203704251,21.7817090648892
1.525136,0,21.5024563845701,22.0609617452083
1.550028,0,19.5476876223365,20.3854456632938
1.575046,0,16.4759081388265,18.151424220741
1.60003,0,13.4041286553165,15.079644737231
1.625032,0,10.3323491718064,12.5663706143592
1.65003,0,7.26056968829641,10.3323491718064
1.675008,0,4.74729556542458,8.09832772925369
1.700018,0,1.95476876223365,5.58505360638185
1.724993,0,0.279252680319093,3.35103216382911
1.750057,0,0,1.67551608191456
1.775061,0,0,0
1.800065,0,0,0
1.825011,0,0,0
1.850055,0,0,0
1.875033,0,0,0
1.900067,0,0,0
1.925015,0,0,0
1.950059,0,0,0
1.975091,0,0,0
2.000011,0,0,0
2.025067,3.105,0,0
2.050027,3.105,6.98131700797732,6.70206432765823
2.075031,3.105,15.079644737231,14.2418866962737
2.100036,3.105,18.4306769010601,18.151424220741
2.125051,3.105,20.1061929829747,20.1061929829747
2.150076,3.105,20.943951023932,20.943951023932
2.17507,3.105,21.223203704251,21.5024563845701
2.200027,3.105,21.223203704251,21.7817090648892
2.225052,3.105,21.5024563845701,22.0609617452083
2.250053,3.105,21.5024563845701,21.7817090648892
2.275015,3.105,21.223203704251,22.0609617452083
2.300098,3.105,21.5024563845701,22.0609617452083
2.325116,3.105,21.5024563845701,22.0609617452083
2.42749,3.105,88.2438469808333,90.477868423386
2.450026,3.105,19.2684349420174,20.1061929829747
2.475031,3.105,21.5024563845701,22.0609617452083
2.500034,3.105,21.5024563845701,22.0609617452083
2.525144,0,21.7817090648892,22.3402144255274
2.550053,0,19.5476876223365,20.3854456632938
2.575014,0,16.4759081388265,18.151424220741
2.600087,0,13.4041286553165,15.3588974175501
2.625047,0,10.6116018521255,13.1248759749974
2.649996,0,7.26056968829641,10.3323491718064
2.675056,0,4.74729556542458,8.09832772925369
2.700083,0,2.23402144255274,5.86430628670095
2.725078,0,0,3.63028484414821
2.750046,0,0,1.39626340159546
2.775031,0,0,0.279252680319093
2.800036,0,0,0
2.825063,0,0,0
2.850111,0,0,0
2.875132,0,0,0
2.900052,0,0,0
2.925132,0,0,0
2.950041,0,0,0
2.975031,0,0,0
3.000022,0,0,0
3.025103,0,0,0
3.050026,0,0,0
3.075012,0,0,0
3.100095,0,0,0
3.125068,0,0,0
3.15006,0,0,0
3.175034,0,0,0
3.200041,0,0,0
3.225074,0,0,0
3.250025,0,0,0
3.275105,0,0,0
3.299989,0,0,0
3.325012,0,0,0
3.350084,0,0,0
3.37509,0,0,0
3.400022,0,0,0
3.425043,0,0,0
3.450058,0,0,0
3.475071,0,0,0
3.500311,0,0,0
3.525141,3.105,4.74729556542458,3.9095375244673
3.550136,3.105,13.9626340159546,13.1248759749974
3.575049,3.105,18.151424220741,17.3136661797837
3.60009,3.105,19.8269403026556,19.8269403026556
3.625071,3.105,20.6646983436129,20.943951023932
3.650019,3.105,21.223203704251,21.5024563845701
3.67504,3.105,21.223203704251,21.5024563845701
3.700121,3.105,21.5024563845701,22.0609617452083
3.725126,3.105,21.5024563845701,22.0609617452083
3.75003,3.105,21.5024563845701,21.7817090648892
3.775052,3.105,21.5024563845701,22.0609617452083
3.800069,3.105,21.5024563845701,22.3402144255274
3.825039,3.105,21.5024563845701,22.0609617452083
3.850033,3.105,21.5024563845701,22.0609617452083
3.875105,3.105,21.5024563845701,22.0609617452083
3.900114,3.105,21.5024563845701,22.0609617452083
3.925066,3.105,21.5024563845701,22.3402144255274
3.950026,3.105,21.5024563845701,22.0609617452083
3.975005,3.105,21.5024563845701,22.0609617452083
4.000011,3.105,21.5024563845701,22.3402144255274
4.025028,3.105,21.5024563845701,22.0609617452083
4.050041,3.105,21.223203704251,22.0609617452083
4.075144,3.105,21.5024563845701,22.3402144255274
4.100028,3.105,21.5024563845701,22.0609617452083
4.12506,3.105,21.5024563845701,22.0609617452083
4.150034,3.105,21.223203704251,22.3402144255274
4.175046,3.105,21.5024563845701,22.0609617452083
4.200074,3.105,21.223203704251,22.0609617452083
4.225122,3.105,21.5024563845701,22.3402144255274
4.250119,3.105,21.5024563845701,22.0609617452083
4.275025,3.105,21.223203704251,22.0609617452083
4.300047,3.105,21.223203704251,22.0609617452083
4.325021,3.105,21.5024563845701,22.0609617452083
4.350024,3.105,21.223203704251,22.0609617452083
4.37502,3.105,21.5024563845701,22.3402144255274
4.400118,3.105,21.223203704251,22.0609617452083
4.425139,3.105,21.5024563845701,22.0609617452083
4.450069,3.105,21.223203704251,22.0609617452083
4.475135,3.105,21.223203704251,22.3402144255274
4.500028,3.105,21.5024563845701,21.7817090648892
4.525138,3.105,21.223203704251,22.3402144255274
4.550018,3.105,21.5024563845701,21.7817090648892
4.575024,3.105,21.223203704251,22.0609617452083
4.60015,3.105,21.5024563845701,22.3402144255274
4.625022,3.105,21.5024563845701,21.7817090648892
4.650048,3.105,21.223203704251,22.0609617452083
4.674995,3.105,21.5024563845701,22.0609617452083
4.700014,3.105,21.5024563845701,22.0609617452083
4.725073,3.105,21.5024563845701,22.0609617452083
4.75002,3.105,21.223203704251,22.0609617452083
4.775151,3.105,21.5024563845701,22.0609617452083
4.8,3.105,21.223203704251,22.0609617452083
4.825117,3.105,21.5024563845701,22.0609617452083
4.850007,3.105,21.5024563845701,22.0609617452083
4.875029,3.105,21.223203704251,22.0609617452083
4.900036,3.105,21.5024563845701,22.0609617452083
4.925141,3.105,21.223203704251,22.3402144255274
4.949993,3.105,21.223203704251,21.7817090648892
4.975074,3.105,21.5024563845701,22.3402144255274
5.000103,3.105,21.223203704251,22.0609617452083
5.02504,3.105,21.5024563845701,22.0609617452083
5.050013,3.105,21.223203704251,22.0609617452083
5.075054,3.105,21.5024563845701,22.0609617452083
5.100045,3.105,21.223203704251,22.0609617452083
5.125046,3.105,21.5024563845701,22.0609617452083
5.150011,3.105,21.5024563845701,22.0609617452083
5.174995,3.105,21.223203704251,22.0609617452083
5.200002,3.105,21.5024563845701,22.3402144255274
5.225013,3.105,21.223203704251,22.0609617452083
5.25005,3.105,21.5024563845701,22.0609617452083
5.27507,3.105,21.223203704251,22.0609617452083
5.300043,3.105,21.5024563845701,22.0609617452083
5.325034,3.105,21.5024563845701,22.3402144255274
5.350043,3.105,21.223203704251,22.0609617452083
5.375033,3.105,21.5024563845701,22.3402144255274
5.400052,3.105,21.5024563845701,22.0609617452083
5.42505,3.105,21.5024563845701,22.0609617452083
5.450051,3.105,21.223203704251,22.0609617452083
5.475032,3.105,21.5024563845701,22.3402144255274
5.500087,3.105,21.5024563845701,22.0609617452083
5.525098,3.105,21.223203704251,22.0609617452083
5.550064,3.105,21.5024563845701,22.0609617452083
5.575013,3.105,21.223203704251,22.0609617452083
5.600077,3.105,21.5024563845701,22.3402144255274
5.625108,3.105,21.223203704251,22.0609617452083
5.650052,3.105,21.5024563845701,22.3402144255274
5.675097,3.105,21.223203704251,22.0609617452083
5.7,3.105,21.223203704251,22.3402144255274
5.725016,3.105,21.5024563845701,22.0609617452083
5.750077,3.105,21.223203704251,22.3402144255274
5.775105,3.105,21.223203704251,22.3402144255274
5.800138,3.105,21.5024563845701,22.0609617452083
5.824995,3.105,21.223203704251,22.0609617452083
5.850074,3.105,21.5024563845701,22.3402144255274
5.875063,3.105,21.223203704251,22.0609617452083
5.900001,3.105,21.223203704251,22.3402144255274
5.92505,3.105,21.5024563845701,22.0609617452083
5.950111,3.105,21.223203704251,22.0609617452083
5.975123,3.105,21.5024563845701,22.3402144255274
6.000056,3.105,21.223203704251,22.0609617452083
6.025103,3.105,21.5024563845701,22.3402144255274
6.050024,3.105,21.223203704251,22.0609617452083
6.075028,3.105,21.223203704251,21.7817090648892
6.099999,3.105,21.5024563845701,22.0609617452083
6.125009,3.105,21.223203704251,22.0609617452083
6.150144,3.105,21.5024563845701,22.0609617452083
6.175011,3.105,21.223203704251,22.0609617452083
6.200043,3.105,21.223203704251,22.0609617452083
6.225001,3.105,21.223203704251,22.0609617452083
6.250064,3.105,21.5024563845701,22.3402144255274
6.275086,3.105,21.223203704251,22.0609617452083
6.300101,3.105,21.223203704251,22.0609617452083
6.325143,3.105,21.5024563845701,22.3402144255274
6.350055,3.105,21.223203704251,22.0609617452083
6.375083,3.105,21.223203704251,22.0609617452083
6.40002,3.105,21.5024563845701,22.3402144255274
6.425029,3.105,21.223203704251,22.0609617452083
6.450079,3.105,21.5024563845701,22.3402144255274
6.475016,3.105,21.223203704251,22.0609617452083
6.500098,3.105,21.5024563845701,22.3402144255274
6.525174,3.105,21.5024563845701,22.0609617452083
6.550097,3.105,21.5024563845701,22.3402144255274
6.575044,3.105,21.223203704251,22.0609617452083
6.600046,3.105,21.5024563845701,22.0609617452083
6.625079,3.105,21.5024563845701,22.3402144255274
6.650018,3.105,21.223203704251,22.0609617452083
6.675138,3.105,21.5024563845701,22.3402144255274
6.700065,3.105,21.5024563845701,22.0609617452083
6.725109,3.105,21.223203704251,22.0609617452083
6.750046,3.105,21.5024563845701,22.0609617452083
6.775026,3.105,21.5024563845701,22.0609617452083
6.800072,3.105,21.223203704251,22.3402144255274
6.825136,3.105,21.5024563845701,22.0609617452083
6.850151,3.105,21.5024563845701,22.0609617452083
6.875058,3.105,21.223203704251,22.0609617452083
6.900053,3.105,21.5024563845701,22.0609617452083
6.925051,3.105,21.5024563845701,22.0609617452083
6.950058,3.105,21.223203704251,22.0609617452083
6.975026,3.105,21.5024563845701,22.0609617452083
7.000008,3.105,21.223203704251,22.0609617452083
7.02509,0,21.5024563845701,22.3402144255274
7.050006,0,19.5476876223365,20.6646983436129
7.075094,0,16.4759081388265,18.151424220741
7.100061,0,13.1248759749974,15.6381500978692
7.125012,0,10.0530964914873,12.8456232946783
7.149994,0,6.98131700797732,10.6116018521255
7.175028,0,4.18879020478639,8.09832772925369
7.200124,0,1.67551608191456,6.14355896702004
7.225088,0,0,3.63028484414821
7.250059,0,0,1.67551608191456
7.275065,0,0,0.279252680319093
7.300015,0,0,0
7.32507,0,0,0
7.35001,0,0,0
7.375161,0,0,0
7.400049,0,0,0
7.425119,0,0,0
7.450064,0,0,0
7.475012,0,0,0
7.499999,0,0,0
7.525117,0,0,0
7.550039,3.105,5.02654824574367,4.46804288510548
7.575049,3.105,13.6833813356355,12.8456232946783
7.600063,3.105,17.8721715404219,17.3136661797837
7.625047,3.105,19.8269403026556,19.5476876223365
7.649999,3.105,20.6646983436129,20.6646983436129
7.675019,3.105,20.943951023932,21.223203704251
7.700041,3.105,20.943951023932,21.7817090648892
7.725018,3.105,21.223203704251,21.7817090648892
7.750041,3.105,21.5024563845701,21.7817090648892
7.77504,3.105,21.223203704251,22.0609617452083
7.800035,3.105,21.223203704251,22.0609617452083
7.825034,3.105,21.5024563845701,21.7817090648892
7.850091,3.105,21.5024563845701,22.3402144255274
7.875118,3.105,21.5024563845701,22.0609617452083
7.900058,3.105,21.5024563845701,22.0609617452083
7.925112,3.105,21.5024563845701,22.0609617452083
7.950013,3.105,21.223203704251,22.0609617452083
7.975059,3.105,21.5024563845701,22.3402144255274
8.000083,3.105,21.223203704251,22.0609617452083
8.025076,3.105,21.5024563845701,22.0609617452083
8.050032,3.105,21.5024563845701,22.0609617452083
8.075075,3.105,21.5024563845701,22.3402144255274
8.100045,3.105,21.223203704251,22.0609617452083
8.124999,3.105,21.5024563845701,22.3402144255274
8.149994,3.105,21.5024563845701,22.0609617452083
8.175005,3.105,21.5024563845701,22.0609617452083
8.200024,3.105,21.223203704251,22.3402144255274
8.225155,3.105,21.5024563845701,22.3402144255274
8.250053,3.105,21.223203704251,22.0609617452083
8.275104,3.105,21.5024563845701,22.0609617452083
8.300053,3.105,21.5024563845701,22.3402144255274
8.325052,3.105,21.223203704251,22.0609617452083
8.350002,3.105,21.223203704251,22.0609617452083
8.375015,3.105,21.5024563845701,22.3402144255274
8.400139,3.105,21.5024563845701,22.3402144255274
8.425056,3.105,21.223203704251,21.7817090648892
8.450115,3.105,21.5024563845701,22.3402144255274
8.475024,3.105,21.223203704251,22.0609617452083
8.500006,3.105,21.223203704251,22.0609617452083
8.525054,3.105,21.5024563845701,22.3402144255274
8.550054,3.105,21.223203704251,22.3402144255274
8.575152,3.105,21.5024563845701,22.0609617452083
8.600076,3.105,21.5024563845701,22.0609617452083
8.625102,3.105,21.223203704251,22.3402144255274
8.650056,3.105,21.5024563845701,22.0609617452083
8.675059,3.105,21.223203704251,22.3402144255274
8.700014,3.105,21.5024563845701,22.0609617452083
8.725037,3.105,21.5024563845701,22.3402144255274
8.750041,3.105,21.223203704251,22.3402144255274
8.775004,3.105,21.5024563845701,22.0609617452083
8.799999,3.105,21.5024563845701,22.0609617452083
8.825055,3.105,21.5024563845701,22.3402144255274
8.850018,3.105,21.223203704251,22.0609617452083
8.875071,3.105,21.5024563845701,22.3402144255274
8.900102,3.105,21.5024563845701,22.0609617452083
8.925027,3.105,21.5024563845701,22.3402144255274
8.95009,3.105,21.5024563845701,22.0609617452083
8.975062,3.105,21.223203704251,22.3402144255274
8.999993,3.105,21.5024563845701,22.0609617452083
9.025051,0,21.5024563845701,22.3402144255274
9.050139,0,19.8269403026556,20.943951023932
9.075107,0,16.1966554585074,18.151424220741
9.099998,0,13.1248759749974,15.6381500978692
9.125043,0,10.0530964914873,13.4041286553165
9.150073,0,7.26056968829641,10.8908545324446
9.175055,0,4.46804288510548,8.37758040957278
9.200041,0,1.67551608191456,6.14355896702004
9.225128,0,0,4.18879020478639
9.250128,0,0,1.95476876223365
9.275,0,0,0.279252680319093
9.300123,0,0,0
9.325009,0,0,0
9.350028,0,0,0
9.375067,0,0,0
9.400019,0,0,0
9.42513,0,0,0
9.450006,0,0,0
9.475082,0,0,0
9.500007,0,0,0
9.52511,0,0,0
9.550055,0,0,0
9.575047,0,0,0
9.600002,0,0,0
9.625083,0,0,0
9.650019,0,0,0
9.675026,0,0,0
9.699998,0,0,0
9.725048,0,0,0
9.75008,0,0,0
9.775081,0,0,0
9.800056,0,0,0
9.825008,0,0,0
9.850014,0,0,0
9.875023,0,0,0
9.900107,0,0,0
9.925115,0,0,0
9.949995,0,0,0
9.975092,0,0,0
10.000025,0,0,0
10.025098,3.105,0,0
10.050006,3.105,6.70206432765823,6.42281164733913
10.075015,3.105,14.8003920569119,14.2418866962737
10.100132,3.105,18.4306769010601,17.8721715404219
10.125041,3.105,19.5476876223365,19.8269403026556
10.150141,3.105,20.6646983436129,21.223203704251
10.17505,3.105,20.943951023932,21.5024563845701
10.200028,3.105,21.223203704251,21.5024563845701
10.225061,3.105,21.223203704251,22.0609617452083
10.250022,3.105,21.223203704251,22.0609617452083
10.275146,3.105,21.5024563845701,22.0609617452083
10.300055,3.105,21.5024563845701,22.0609617452083
10.325074,3.105,21.223203704251,22.0609617452083
10.350058,3.105,21.5024563845701,22.0609617452083
10.375044,3.105,21.5024563845701,22.3402144255274
10.400011,3.105,21.223203704251,22.0609617452083
10.425025,3.105,21.5024563845701,22.3402144255274
10.450158,3.105,21.5024563845701,22.3402144255274
10.475066,3.105,21.5024563845701,22.0609617452083
10.499992,3.105,21.223203704251,22.3402144255274
10.525099,0,21.7817090648892,22.3402144255274
10.550026,0,19.5476876223365,20.943951023932
10.575042,0,16.4759081388265,18.4306769010601
10.600049,0,13.4041286553165,15.6381500978692
10.625002,0,10.3323491718064,13.4041286553165
10.650015,0,7.5398223686155,11.1701072127637
10.675031,0,4.74729556542458,8.65683308989187
10.700001,0,1.95476876223365,6.42281164733913
10.72502,0,0.279252680319093,4.46804288510548
10.750066,0,0,2.23402144255274
10.775076,0,0,0.279252680319093
10.800058,0,0,0
10.825074,0,0,0
10.850041,0,0,0
10.875044,0,0,0
10.900053,0,0,0
10.92508,0,0,0
10.950088,0,0,0
10.975027,0,0,0
11.000103,0,0,0
11.025204,3.105,0,0
11.050057,3.105,6.42281164733913,6.14355896702004
11.075057,3.105,14.5211393765928,13.9626340159546
11.10013,3.105,18.4306769010601,18.151424220741
11.125136,3.105,19.8269403026556,20.1061929829747
11.150071,3.105,20.943951023932,20.943951023932
11.175115,3.105,20.943951023932,21.5024563845701
11.200039,3.105,21.223203704251,21.7817090648892
11.22502,3.105,21.5024563845701,22.0609617452083
11.250081,3.105,21.223203704251,22.0609617452083
11.275029,3.105,21.5024563845701,22.3402144255274
11.300154,3.105,21.5024563845701,22.3402144255274
11.325037,3.105,21.5024563845701,21.7817090648892
11.350065,3.105,21.5024563845701,22.3402144255274
11.375074,3.105,21.5024563845701,22.3402144255274
11.40005,3.105,21.5024563845701,22.0609617452083
11.425016,3.105,21.5024563845701,22.3402144255274
11.450034,3.105,21.5024563845701,22.3402144255274
11.475155,3.105,21.5024563845701,22.3402144255274
11.500096,3.105,21.5024563845701,22.0609617452083
11.525064,0,21.5024563845701,22.3402144255274
11.550009,0,19.8269403026556,20.943951023932
11.57501,0,16.4759081388265,18.151424220741
11.600001,0,13.6833813356355,15.9174027781883
11.625025,0,10.3323491718064,13.4041286553165
11.650135,0,7.5398223686155,11.1701072127637
11.675021,0,4.74729556542458,8.65683308989187
11.700082,0,2.23402144255274,6.42281164733913
11.725048,0,0.279252680319093,4.18879020478639
11.75002,0,0,2.23402144255274
11.774998,0,0,0.558505360638185
11.800013,0,0,0
11.825152,0,0,0
11.850002,0,0,0
11.875105,0,0,0
11.900017,0,0,0
11.925016,0,0,0
11.950076,0,0,0
11.975138,0,0,0
12.00018,0,0,0
12.02512,3.105,0,0
12.050088,3.105,6.70206432765823,6.42281164733913
12.075062,3.105,14.8003920569119,14.2418866962737
12.100064,3.105,18.4306769010601,18.4306769010601
12.125017,3.105,20.1061929829747,20.1061929829747
12.150042,3.105,20.6646983436129,20.943951023932
12.175064,3.105,20.943951023932,21.7817090648892
12.200081,3.105,21.5024563845701,21.7817090648892
12.225005,3.105,21.223203704251,22.0609617452083
12.25003,3.105,21.5024563845701,22.3402144255274
12.275031,3.105,21.223203704251,22.0609617452083
12.300058,3.105,21.5024563845701,22.3402144255274
12.32508,3.105,21.5024563845701,22.0609617452083
12.349999,3.105,21.5024563845701,22.3402144255274
12.375073,3.105,21.5024563845701,22.3402144255274
12.400007,3.105,21.5024563845701,22.0609617452083
12.425039,3.105,21.5024563845701,22.3402144255274
12.450001,3.105,21.223203704251,22.3402144255274
12.475085,3.105,21.7817090648892,22.3402144255274
12.500076,3.105,21.5024563845701,22.0609617452083
12.525068,3.105,21.5024563845701,22.3402144255274
12.55008,3.105,21.223203704251,22.3402144255274
12.575059,3.105,21.5024563845701,22.3402144255274
12.600016,3.105,21.5024563845701,22.0609617452083
12.62503,3.105,21.5024563845701,22.3402144255274
12.650119,3.105,21.5024563845701,22.3402144255274
12.675111,3.105,21.5024563845701,22.3402144255274
12.700027,3.105,21.223203704251,22.0609617452083
12.725113,3.105,21.5024563845701,22.3402144255274
12.750037,3.105,21.5024563845701,22.3402144255274
12.774995,3.105,21.5024563845701,22.3402144255274
12.800069,3.105,21.5024563845701,22.3402144255274
12.825016,3.105,21.5024563845701,22.0609617452083
12.850133,3.105,21.7817090648892,22.3402144255274
12.875045,3.105,21.5024563845701,22.3402144255274
12.900121,3.105,21.5024563845701,22.3402144255274
12.925053,3.105,21.5024563845701,22.0609617452083
12.950022,3.105,21.5024563845701,22.3402144255274
12.975066,3.105,21.5024563845701,22.3402144255274
13.000082,3.105,21.5024563845701,22.3402144255274
13.025138,0,21.5024563845701,22.3402144255274
13.050052,0,19.8269403026556,20.943951023932
13.075085,0,16.7551608191456,18.4306769010601
13.09999,0,13.4041286553165,15.9174027781883
13.125041,0,10.3323491718064,13.4041286553165
13.15004,0,7.26056968829641,11.1701072127637
13.175073,0,4.74729556542458,8.93608577021097
13.200029,0,1.95476876223365,6.42281164733913
13.225011,0,0.279252680319093,4.46804288510548
13.250019,0,0,2.23402144255274
13.275037,0,0,0.558505360638185
13.300003,0,0,0
13.325051,0,0,0
13.35007,0,0,0
13.37506,0,0,0
13.400042,0,0,0
13.425004,0,0,0
13.450041,0,0,0
13.475053,0,0,0
13.500064,0,0,0
13.525106,3.105,0,0
13.55005,3.105,6.70206432765823,6.42281164733913
13.575013,3.105,14.8003920569119,14.2418866962737
13.600005,3.105,18.4306769010601,18.151424220741
13.625012,3.105,19.8269403026556,20.1061929829747
13.650024,3.105,20.943951023932,21.223203704251
13.67505,3.105,21.223203704251,21.5024563845701
13.700105,3.105,21.223203704251,22.0609617452083
13.725063,3.105,21.5024563845701,21.7817090648892
13.750047,3.105,21.5024563845701,22.3402144255274
13.77505,3.105,21.5024563845701,22.0609617452083
13.800051,3.105,21.5024563845701,22.0609617452083
13.825008,3.105,21.5024563845701,22.3402144255274
13.850076,3.105,21.5024563845701,22.3402144255274
13.875097,3.105,21.5024563845701,22.3402144255274
13.900045,3.105,21.5024563845701,22.0609617452083
13.925043,3.105,21.5024563845701,22.3402144255274
13.949997,3.105,21.5024563845701,22.3402144255274
13.97505,3.105,21.7817090648892,22.3402144255274
14.000071,3.105,21.5024563845701,22.3402144255274
14.025119,3.105,21.7817090648892,22.6194671058465
14.050173,3.105,21.5024563845701,22.3402144255274
14.075,3.105,21.5024563845701,22.0609617452083
14.100113,3.105,21.5024563845701,22.6194671058465
14.125058,3.105,21.5024563845701,22.0609617452083
14.150016,3.105,21.5024563845701,22.3402144255274
14.174992,3.105,21.5024563845701,22.3402144255274
14.200113,3.105,21.5024563845701,22.3402144255274
14.225157,3.105,21.5024563845701,22.6194671058465
14.25008,3.105,21.5024563845701,22.0609617452083
14.275138,3.105,21.5024563845701,22.3402144255274
14.300051,3.105,21.223203704251,22.0609617452083
14.325036,3.105,21.7817090648892,22.3402144255274
14.350054,3.105,21.5024563845701,22.0609617452083
14.375016,3.105,21.5024563845701,22.3402144255274
14.40014,3.105,21.5024563845701,22.6194671058465
14.424996,3.105,21.223203704251,22.0609617452083
14.450111,3.105,21.5024563845701,22.3402144255274
14.475051,3.105,21.5024563845701,22.3402144255274
14.500234,3.105,21.7817090648892,22.6194671058465
14.525055,3.105,21.223203704251,22.0609617452083
14.550036,3.105,21.5024563845701,22.3402144255274
14.575171,3.105,21.5024563845701,22.3402144255274
14.600019,3.105,20.943951023932,22.0609617452083
14.625108,3.105,21.5024563845701,22.6194671058465
14.650015,3.105,21.223203704251,22.3402144255274
14.675023,3.105,21.5024563845701,22.3402144255274
14.700007,3.105,21.5024563845701,22.0609617452083
14.725099,3.105,21.5024563845701,22.6194671058465
14.75016,3.105,21.223203704251,22.3402144255274
14.77507,3.105,21.5024563845701,22.0609617452083
14.800075,3.105,21.5024563845701,22.3402144255274
14.825038,3.105,21.223203704251,22.3402144255274
14.850005,3.105,21.5024563845701,22.3402144255274
14.875,3.105,21.5024563845701,22.3402144255274
14.900142,3.105,21.5024563845701,22.6194671058465
14.925157,3.105,21.5024563845701,22.3402144255274
14.950044,3.105,21.223203704251,22.3402144255274
14.975124,3.105,21.7817090648892,22.3402144255274
15.000068,3.105,21.223203704251,22.3402144255274
15.02518,3.105,21.7817090648892,22.3402144255274
15.050071,3.105,21.5024563845701,22.3402144255274
15.07505,3.105,21.5024563845701,22.3402144255274
15.100005,3.105,21.5024563845701,22.3402144255274
15.125018,3.105,21.5024563845701,22.3402144255274
15.150008,3.105,21.5024563845701,22.3402144255274
15.175044,3.105,21.5024563845701,22.6194671058465
15.199996,3.105,21.5024563845701,22.3402144255274
15.225063,3.105,21.5024563845701,22.3402144255274
15.250116,3.105,21.7817090648892,22.3402144255274
15.275082,3.105,21.223203704251,22.3402144255274
15.300032,3.105,21.5024563845701,22.3402144255274
15.325051,3.105,21.5024563845701,22.3402144255274
15.350054,3.105,21.5024563845701,22.3402144255274
15.375062,3.105,21.5024563845701,22.3402144255274
15.40011,3.105,21.5024563845701,22.3402144255274
15.501842,3.105,87.406088939876,90.7571211037051
15.524997,0,18.9891822616983,19.8269403026556
15.549995,0,17.5929188601028,19.2684349420174
15.575015,0,14.2418866962737,16.7551608191456
15.600062,0,11.1701072127637,14.2418866962737
15.62508,0,8.37758040957278,11.4493598930828
15.650026,0,5.30580092606276,9.49459113084915
15.675018,0,2.51327412287183,6.98131700797732
15.700053,0,0.558505360638185,5.02654824574367
15.725068,0,0,2.51327412287183
15.750033,0,0,0.837758040957278
15.775115,0,0,0
15.800123,0,0,0
15.82502,0,0,0
15.8501,0,0,0
15.874998,0,0,0
15.900018,0,0,0
15.924998,0,0,0
15.950107,0,0,0
15.975138,0,0,0
16.000022,0,0,0
16.02513,0,0,0
16.05005,0,0,0
16.07504,0,0,0
16.100038,0,0,0
16.125021,0,0,0
16.149992,0,0,0
16.175034,0,0,0
16.200019,0,0,0
16.225022,0,0,0
16.250052,0,0,0
16.275047,0,0,0
16.30007,0,0,0
16.325062,0,0,0
16.350071,0,0,0
16.374999,0,0,0
16.400038,0,0,0
16.425014,0,0,0
16.450063,0,0,0
16.475093,0,0,0
16.500109,0,0,0
16.52506,3.105,0,0
16.55,3.105,6.98131700797732,6.70206432765823
16.575067,3.105,14.8003920569119,14.2418866962737
16.600036,3.105,18.4306769010601,18.151424220741
16.6251,3.105,20.1061929829747,20.1061929829747
16.65012,3.105,20.6646983436129,20.943951023932
16.674998,3.105,20.943951023932,21.5024563845701
16.700055,3.105,21.223203704251,21.7817090648892
16.725034,3.105,21.223203704251,22.0609617452083
16.749998,3.105,21.5024563845701,22.0609617452083
16.775083,3.105,21.5024563845701,22.3402144255274
16.800121,3.105,21.5024563845701,22.0609617452083
16.825117,3.105,21.223203704251,22.0609617452083
16.850024,3.105,21.5024563845701,22.3402144255274
16.875051,3.105,21.5024563845701,22.0609617452083
16.900025,3.105,21.5024563845701,22.3402144255274
16.924991,3.105,21.5024563845701,22.0609617452083
16.950082,3.105,21.5024563845701,22.6194671058465
16.975022,3.105,21.5024563845701,22.0609617452083
17.000148,3.105,21.7817090648892,22.6194671058465
17.02524,0,21.5024563845701,22.3402144255274
17.05006,0,19.8269403026556,20.6646983436129
17.075053,0,16.4759081388265,18.4306769010601
17.100032,0,13.4041286553165,15.9174027781883
17.125063,0,10.6116018521255,13.4041286553165
17.150124,0,7.5398223686155,11.1701072127637
17.175149,0,4.74729556542458,8.65683308989187
17.200003,0,2.23402144255274,6.42281164733913
17.225119,0,0,4.46804288510548
17.250063,0,0,2.23402144255274
17.275017,0,0,0.279252680319093
17.300006,0,0,0
17.325008,0,0,0
17.350158,0,0,0
17.375008,0,0,0
17.400132,0,0,0
17.425057,0,0,0
17.450032,0,0,0
17.475073,0,0,0
17.500131,0,0,0
17.525134,0,0,0
17.550057,0,0,0
17.575037,0,0,0
17.600043,0,0,0
17.625023,0,0,0
17.650077,0,0,0
17.675018,0,0,0
17.700072,0,0,0
17.725058,0,0,0
17.750067,0,0,0
17.775015,0,0,0
17.800056,0,0,0
17.825055,0,0,0
17.850048,0,0,0
17.875025,0,0,0
17.900002,0,0,0
17.925019,0,0,0
17.950021,0,0,0
17.975039,0,0,0
18.000035,0,0,0
18.025142,3.105,0,0
18.049999,3.105,6.70206432765823,6.14355896702004
18.075034,3.105,14.8003920569119,14.2418866962737
18.100034,3.105,18.4306769010601,18.151424220741
18.125009,3.105,19.8269403026556,20.1061929829747
18.150023,3.105,20.6646983436129,20.943951023932
18.17508,3.105,21.223203704251,21.7817090648892
18.200112,3.105,21.5024563845701,22.0609617452083
18.225055,3.105,21.223203704251,22.0609617452083
18.250068,3.105,21.5024563845701,22.0609617452083
18.275021,3.105,21.5024563845701,22.0609617452083
18.3,3.105,21.5024563845701,22.3402144255274
18.325015,3.105,21.5024563845701,22.0609617452083
18.350131,3.105,21.7817090648892,22.6194671058465
18.375154,3.105,21.5024563845701,22.0609617452083
18.400013,3.105,21.223203704251,22.3402144255274
18.425133,3.105,21.7817090648892,22.3402144255274
18.450053,3.105,21.5024563845701,22.3402144255274
18.475052,3.105,21.5024563845701,22.3402144255274
18.50003,3.105,21.5024563845701,22.3402144255274
18.525134,3.105,21.5024563845701,22.3402144255274
18.55003,3.105,21.5024563845701,22.3402144255274
18.575,3.105,21.5024563845701,22.3402144255274
18.600023,3.105,21.7817090648892,22.3402144255274
18.625028,3.105,21.5024563845701,22.3402144255274
18.650014,3.105,21.5024563845701,22.3402144255274
18.675073,3.105,21.5024563845701,22.3402144255274
18.700088,3.105,21.7817090648892,22.6194671058465
18.725085,3.105,21.5024563845701,22.3402144255274
18.750005,3.105,21.5024563845701,22.3402144255274
18.774997,3.105,21.5024563845701,22.3402144255274
18.800007,3.105,21.5024563845701,22.3402144255274
18.82501,3.105,21.7817090648892,22.3402144255274
18.850075,3.105,21.5024563845701,22.3402144255274
18.875103,3.105,21.5024563845701,22.6194671058465
18.900078,3.105,21.5024563845701,22.3402144255274
18.925064,3.105,21.5024563845701,22.3402144255274
18.950013,3.105,21.5024563845701,22.3402144255274
18.975062,3.105,21.5024563845701,22.3402144255274
19.000044,3.105,21.5024563845701,22.3402144255274
19.025115,0,21.5024563845701,22.6194671058465
19.050156,0,20.1061929829747,20.943951023932
19.075018,0,16.4759081388265,18.151424220741
19.100114,0,13.6833813356355,16.1966554585074
19.125015,0,10.3323491718064,13.1248759749974
19.150044,0,7.5398223686155,10.8908545324446
19.175065,0,4.74729556542458,8.37758040957278
19.200106,0,2.23402144255274,6.14355896702004
19.22503,0,0.279252680319093,3.63028484414821
19.250046,0,0,1.67551608191456
19.274998,0,0,0
19.300009,0,0,0
19.325035,0,0,0
19.350029,0,0,0
19.375045,0,0,0
19.40017,0,0,0
19.425034,0,0,0
19.450036,0,0,0
19.475014,0,0,0
19.499991,0,0,0
19.52518,3.105,0,0
19.550073,3.105,6.70206432765823,6.14355896702004
19.575021,3.105,15.079644737231,13.9626340159546
19.600041,3.105,18.151424220741,17.8721715404219
19.62512,3.105,20.1061929829747,19.8269403026556
19.650012,3.105,20.6646983436129,20.6646983436129
19.675002,3.105,21.223203704251,21.5024563845701
19.70005,3.105,21.223203704251,21.7817090648892
19.725104,3.105,21.5024563845701,22.0609617452083
19.749993,3.105,21.5024563845701,22.0609617452083
19.775037,3.105,21.5024563845701,22.0609617452083
19.800055,3.105,21.5024563845701,22.3402144255274
19.825037,3.105,21.5024563845701,22.0609617452083
19.85001,3.105,21.5024563845701,22.0609617452083
19.875061,3.105,21.5024563845701,22.3402144255274
19.900078,3.105,21.5024563845701,22.3402144255274
19.925061,3.105,21.7817090648892,22.3402144255274
19.950041,3.105,21.5024563845701,22.0609617452083
19.975047,3.105,21.5024563845701,22.3402144255274
19.999988,3.105,21.5024563845701,22.3402144255274
20.025097,0,21.5024563845701,22.3402144255274
20.050119,0,19.8269403026556,20.943951023932
20.075132,0,16.7551608191456,18.4306769010601
20.100001,0,13.4041286553165,15.9174027781883
20.125048,0,10.6116018521255,13.4041286553165
20.15001,0,7.5398223686155,11.1701072127637
20.175036,0,5.02654824574367,8.65683308989187
20.200016,0,2.23402144255274,6.42281164733913
20.225098,0,0,4.46804288510548
20.250113,0,0,2.23402144255274
20.275005,0,0,0.279252680319093
20.300089,0,0,0
20.325011,0,0,0
20.350072,0,0,0
20.375048,0,0,0
20.400111,0,0,0
20.425127,0,0,0
20.450024,0,0,0
20.475103,0,0,0
20.50003,0,0,0
20.525149,0,0,0
20.550024,0,0,0
20.575026,0,0,0
20.600155,0,0,0
20.62505,0,0,0
20.650038,0,0,0
20.675054,0,0,0
20.700068,0,0,0
20.725094,0,0,0
20.750026,0,0,0
20.775045,0,0,0
20.800039,0,0,0
20.825,0,0,0
20.850049,0,0,0
20.874992,0,0,0
20.90002,0,0,0
20.925069,0,0,0
20.950032,0,0,0
20.975037,0,0,0
21.000029,0,0,0
21.025186,3.105,0,0
21.050064,3.105,6.70206432765823,6.14355896702004
21.075086,3.105,15.079644737231,14.5211393765928
21.100113,3.105,18.4306769010601,17.8721715404219
21.125,3.105,19.8269403026556,20.1061929829747
21.150033,3.105,20.943951023932,21.223203704251
21.175064,3.105,21.223203704251,21.5024563845701
21.199991,3.105,21.5024563845701,21.7817090648892
21.225045,3.105,21.5024563845701,22.0609617452083
21.250125,3.105,21.5024563845701,22.3402144255274
21.275128,3.105,21.5024563845701,22.0609617452083
21.300022,3.105,21.5024563845701,22.0609617452083
21.325068,3.105,21.5024563845701,22.3402144255274
21.350023,3.105,21.5024563845701,22.3402144255274
21.375002,3.105,21.5024563845701,22.0609617452083
21.40007,3.105,21.5024563845701,22.3402144255274
21.425012,3.105,21.5024563845701,22.3402144255274
21.450144,3.105,21.5024563845701,22.3402144255274
21.475066,3.105,21.5024563845701,22.3402144255274
21.500157,3.105,21.5024563845701,22.3402144255274
21.525003,3.105,21.5024563845701,22.0609617452083
21.550054,3.105,21.5024563845701,22.3402144255274
21.575026,3.105,21.5024563845701,22.3402144255274
21.600037,3.105,21.5024563845701,22.3402144255274
21.625142,3.105,21.7817090648892,22.6194671058465
21.650023,3.105,21.223203704251,22.0609617452083
21.675122,3.105,21.7817090648892,22.3402144255274
21.70005,3.105,21.5024563845701,22.3402144255274
21.725026,3.105,21.5024563845701,22.3402144255274
21.750007,3.105,21.5024563845701,22.3402144255274
21.775028,3.105,21.5024563845701,22.3402144255274
21.800152,3.105,21.7817090648892,22.3402144255274
21.825023,3.105,21.5024563845701,22.3402144255274
21.850103,3.105,21.7817090648892,22.3402144255274
21.875055,3.105,21.5024563845701,22.3402144255274
21.900073,3.105,21.5024563845701,22.3402144255274
21.925027,3.105,21.5024563845701,22.0609617452083
21.950041,3.105,21.7817090648892,22.3402144255274
21.97504,3.105,21.5024563845701,22.3402144255274
22.000076,3.105,21.5024563845701,22.6194671058465
22.025023,0,21.5024563845701,22.0609617452083
22.049999,0,19.8269403026556,20.943951023932
22.075024,0,16.7551608191456,18.4306769010601
22.100106,0,13.4041286553165,16.1966554585074
22.125119,0,10.3323491718064,13.4041286553165
22.150025,0,7.5398223686155,10.8908545324446
22.175078,0,4.74729556542458,8.65683308989187
22.200029,0,1.95476876223365,6.70206432765823
22.225043,0,0.279252680319093,4.18879020478639
22.250056,0,0,2.51327412287183
22.275089,0,0,0.279252680319093
22.300094,0,0,0
22.325076,0,0,0
22.350058,0,0,0
22.375055,0,0,0
22.400047,0,0,0
22.425025,0,0,0
22.450086,0,0,0
22.475108,0,0,0
22.500235,0,0,0
22.525183,3.105,0,0
22.550032,3.105,6.42281164733913,6.14355896702004
22.575056,3.105,14.5211393765928,13.9626340159546
22.600061,3.105,18.4306769010601,17.8721715404219
22.625105,3.105,19.8269403026556,19.8269403026556
22.650141,3.105,20.6646983436129,20.6646983436129
22.675034,3.105,21.223203704251,21.5024563845701
22.700084,3.105,21.223203704251,21.7817090648892
22.725051,3.105,21.223203704251,22.0609617452083
22.750011,3.105,21.5024563845701,21.7817090648892
22.775093,3.105,21.5024563845701,22.3402144255274
22.800103,3.105,21.5024563845701,22.3402144255274
22.825145,3.105,21.7817090648892,22.0609617452083
22.850061,3.105,21.223203704251,22.3402144255274
22.875049,3.105,21.5024563845701,22.0609617452083
22.900038,3.105,21.5024563845701,22.3402144255274
22.925014,3.105,21.5024563845701,22.3402144255274
22.950073,3.105,21.5024563845701,22.3402144255274
22.975021,3.105,21.5024563845701,22.3402144255274
23.000084,3.105,21.7817090648892,22.3402144255274
23.025113,3.105,21.5024563845701,22.3402144255274
23.050042,3.105,21.223203704251,22.0609617452083
23.074992,3.105,21.5024563845701,22.3402144255274
23.100057,3.105,21.5024563845701,22.3402144255274
23.125014,3.105,21.5024563845701,22.0609617452083
23.150045,3.105,21.5024563845701,22.3402144255274
23.175023,3.105,21.5024563845701,22.3402144255274
23.200047,3.105,21.5024563845701,22.3402144255274
23.225019,3.105,21.5024563845701,22.3402144255274
23.250034,3.105,21.5024563845701,22.0609617452083
23.274999,3.105,21.5024563845701,22.3402144255274
23.300043,3.105,21.5024563845701,22.3402144255274
23.325065,3.105,21.5024563845701,22.0609617452083
23.350028,3.105,21.5024563845701,22.3402144255274
23.375003,3.105,21.223203704251,22.0609617452083
23.400104,3.105,21.7817090648892,22.3402144255274
23.425042,3.105,21.223203704251,22.3402144255274
23.450028,3.105,21.5024563845701,22.0609617452083
23.47507,3.105,21.5024563845701,22.3402144255274
23.500177,3.105,21.7817090648892,22.6194671058465
23.525214,0,21.5024563845701,22.0609617452083
23.550106,0,19.5476876223365,20.943951023932
23.574997,0,16.4759081388265,18.4306769010601
23.600066,0,13.4041286553165,15.9174027781883
23.62506,0,10.3323491718064,13.4041286553165
23.650088,0,7.26056968829641,10.8908545324446
23.675097,0,4.74729556542458,8.93608577021097
23.699998,0,1.67551608191456,6.42281164733913
23.725079,0,0.279252680319093,4.46804288510548
23.750116,0,0,2.23402144255274
23.77505,0,0,0.558505360638185
23.80001,0,0,0
23.825062,0,0,0
23.8501,0,0,0
23.875016,0,0,0
23.90013,0,0,0
23.92503,0,0,0
23.950004,0,0,0
23.975054,0,0,0
24.00013,0,0,0
24.025068,0,0,0
24.050006,0,0,0
24.075052,0,0,0
24.100006,0,0,0
24.125029,0,0,0
24.150025,0,0,0
24.175055,0,0,0
24.2,0,0,0
24.225053,0,0,0
24.250057,0,0,0
24.275069,0,0,0
24.30002,0,0,0
24.32508,0,0,0
24.35003,0,0,0
24.375039,0,0,0
24.400004,0,0,0
24.425015,0,0,0
24.450038,0,0,0
24.475044,0,0,0
24.500017,0,0,0
24.603259,0,0,0
24.625146,3.105,3.35103216382911,3.07177948351002
24.650047,3.105,13.1248759749974,12.007865253721
24.675014,3.105,17.3136661797837,16.7551608191456
24.700002,3.105,19.5476876223365,19.5476876223365
24.725011,3.105,20.6646983436129,20.6646983436129
24.750126,3.105,21.223203704251,21.223203704251
24.775016,3.105,20.943951023932,21.5024563845701
24.800063,3.105,21.5024563845701,22.0609617452083
24.824998,3.105,21.5024563845701,21.7817090648892
24.849994,3.105,21.5024563845701,22.3402144255274
24.875084,3.105,21.7817090648892,22.0609617452083
24.900038,3.105,21.5024563845701,22.0609617452083
24.925147,3.105,21.5024563845701,22.3402144255274
24.950045,3.105,21.5024563845701,22.0609617452083
24.975086,3.105,21.5024563845701,22.0609617452083
25.000038,3.105,21.5024563845701,22.3402144255274
25.025091,0,21.7817090648892,22.0609617452083
25.050037,0,19.8269403026556,20.943951023932
25.075064,0,16.4759081388265,18.4306769010601
25.100041,0,13.6833813356355,15.6381500978692
25.125031,0,10.3323491718064,13.4041286553165
25.150023,0,7.5398223686155,10.8908545324446
25.175047,0,5.02654824574367,8.65683308989187
25.200004,0,1.95476876223365,6.42281164733913
25.225051,0,0.279252680319093,4.46804288510548
25.250091,0,0,2.23402144255274
25.275069,0,0,0.279252680319093
25.300075,0,0,0
25.325043,0,0,0
25.35004,0,0,0
25.375026,0,0,0
25.400103,0,0,0
25.425092,0,0,0
25.450069,0,0,0
25.475039,0,0,0
25.499996,0,0,0
25.525114,3.105,0,0
25.550004,3.105,6.70206432765823,6.42281164733913
25.575108,3.105,14.8003920569119,14.2418866962737
25.600118,3.105,18.151424220741,17.8721715404219
25.625009,3.105,20.1061929829747,19.8269403026556
25.650028,3.105,20.6646983436129,20.943951023932
25.675001,3.105,21.223203704251,21.223203704251
25.699991,3.105,21.5024563845701,22.0609617452083
25.725046,3.105,21.5024563845701,22.0609617452083
25.75011,3.105,21.5024563845701,21.7817090648892
25.775115,3.105,21.5024563845701,22.3402144255274
25.800006,3.105,21.5024563845701,22.0609617452083
25.825077,3.105,21.5024563845701,22.0609617452083
25.850059,3.105,21.5024563845701,22.3402144255274
25.874992,3.105,21.5024563845701,22.0609617452083
25.900067,3.105,21.7817090648892,22.3402144255274
25.925018,3.105,21.5024563845701,22.0609617452083
25.950145,3.105,21.5024563845701,22.3402144255274
25.975041,3.105,21.5024563845701,22.0609617452083
26.00012,3.105,21.7817090648892,22.3402144255274
26.025135,0,21.5024563845701,22.3402144255274
26.050018,0,19.8269403026556,20.943951023932
26.075019,0,16.7551608191456,18.4306769010601
26.100054,0,13.4041286553165,15.9174027781883
26.125159,0,10.6116018521255,13.6833813356355
26.150061,0,7.5398223686155,11.1701072127637
26.175,0,5.02654824574367,8.93608577021097
26.200062,0,2.23402144255274,6.70206432765823
26.225066,0,0,4.46804288510548
26.250035,0,0,2.51327412287183
26.27503,0,0,0.558505360638185
26.300012,0,0,0
26.325002,0,0,0
26.350079,0,0,0
26.375052,0,0,0
26.400051,0,0,0
26.425046,0,0,0
26.450055,0,0,0
26.475042,0,0,0
26.500045,0,0,0
26.524997,0,0,0
26.550042,0,0,0
26.574995,0,0,0
26.60007,0,0,0
26.625104,0,0,0
26.650054,0,0,0
26.675057,0,0,0
26.69999,0,0,0
26.725061,0,0,0
26.750051,0,0,0
26.775117,0,0,0
26.800149,0,0,0
26.825017,0,0,0
26.850042,0,0,0
26.874996,0,0,0
26.900042,0,0,0
26.925066,0,0,0
26.950018,0,0,0
26.975157,0,0,0
27.000001,0,0,0
27.025106,3.105,0,0
27.050059,3.105,6.98131700797732,6.14355896702004
27.074999,3.105,14.8003920569119,13.9626340159546
27.100014,3.105,18.4306769010601,17.8721715404219
27.125038,3.105,20.1061929829747,19.8269403026556
27.150149,3.105,20.6646983436129,21.223203704251
27.175041,3.105,21.223203704251,21.223203704251
27.200049,3.105,21.223203704251,22.0609617452083
27.225056,3.105,21.5024563845701,21.7817090648892
27.250045,3.105,21.5024563845701,22.0609617452083
27.274995,3.105,21.5024563845701,22.0609617452083
27.300041,3.105,21.5024563845701,22.3402144255274
27.325162,3.105,21.7817090648892,22.3402144255274
27.350079,3.105,21.5024563845701,22.0609617452083
27.375111,3.105,21.5024563845701,22.3402144255274
27.400016,3.105,21.5024563845701,22.0609617452083
27.424991,3.105,21.5024563845701,22.0609617452083
27.450038,3.105,21.5024563845701,22.3402144255274
27.475087,3.105,21.5024563845701,22.3402144255274
27.500094,3.105,21.7817090648892,22.3402144255274
27.525054,3.105,21.5024563845701,22.0609617452083
27.550006,3.105,21.5024563845701,22.0609617452083
27.575065,3.105,21.5024563845701,22.3402144255274
27.600025,3.105,21.5024563845701,22.3402144255274
27.625083,3.105,21.5024563845701,22.0609617452083
27.650096,3.105,21.5024563845701,22.3402144255274
27.675069,3.105,21.7817090648892,22.0609617452083
27.700085,3.105,21.5024563845701,22.3402144255274
27.725001,3.105,21.5024563845701,22.0609617452083
27.750051,3.105,21.5024563845701,22.3402144255274
27.775059,3.105,21.5024563845701,22.0609617452083
27.878319,3.105,88.8023523414715,91.8741318249815
27.900068,3.105,18.7099295813792,19.2684349420174
27.925013,3.105,21.5024563845701,22.3402144255274
27.950031,3.105,21.5024563845701,22.0609617452083
27.975058,3.105,21.5024563845701,22.3402144255274
28.000097,3.105,21.5024563845701,22.3402144255274
28.025164,0,21.7817090648892,22.0609617452083
28.050055,0,19.8269403026556,20.943951023932
28.075025,0,16.4759081388265,18.4306769010601
28.100054,0,13.4041286553165,15.9174027781883
28.125043,0,10.3323491718064,13.4041286553165
28.150001,0,7.26056968829641,11.1701072127637
28.175102,0,4.74729556542458,8.65683308989187
28.200127,0,1.95476876223365,6.42281164733913
28.225014,0,0,4.46804288510548
28.250122,0,0,2.23402144255274
28.275004,0,0,0.558505360638185
28.300043,0,0,0
28.32509,0,0,0
28.350008,0,0,0
28.37514,0,0,0
28.40002,0,0,0
28.425077,0,0,0
28.450029,0,0,0
28.475015,0,0,0
28.500003,0,0,0
28.525163,0,0,0
28.550061,0,0,0
28.575043,0,0,0
28.600078,0,0,0
28.625034,0,0,0
28.650031,0,0,0
28.675032,0,0,0
28.700095,0,0,0
28.724994,0,0,0
28.750028,0,0,0
28.775003,0,0,0
28.800056,0,0,0
28.825053,0,0,0
28.85008,0,0,0
28.875102,0,0,0
28.900006,0,0,0
28.925099,0,0,0
28.950043,0,0,0
28.975057,0,0,0
29.00007,0,0,0
29.02515,3.105,0,0
29.050023,3.105,6.70206432765823,6.42281164733913
29.07509,3.105,14.8003920569119,13.9626340159546
29.100128,3.105,18.151424220741,18.151424220741
29.125048,3.105,19.8269403026556,19.8269403026556
29.150049,3.105,20.6646983436129,20.943951023932
29.175008,3.105,20.943951023932,21.5024563845701
29.20004,3.105,21.5024563845701,21.7817090648892
29.225159,3.105,21.5024563845701,22.0609617452083
29.250096,3.105,21.223203704251,22.0609617452083
29.27508,3.105,21.5024563845701,22.0609617452083
29.300018,3.105,21.5024563845701,22.0609617452083
29.325054,3.105,21.5024563845701,22.0609617452083
29.350031,3.105,21.5024563845701,22.3402144255274
29.375038,3.105,21.7817090648892,22.0609617452083
29.4,3.105,21.5024563845701,22.0609617452083
29.425033,3.105,21.5024563845701,22.3402144255274
29.450103,3.105,21.7817090648892,22.3402144255274
29.475022,3.105,21.5024563845701,22.0609617452083
29.499994,3.105,21.5024563845701,22.3402144255274
29.525096,0,21.7817090648892,22.3402144255274
29.550099,0,19.8269403026556,20.943951023932
29.575065,0,16.7551608191456,18.4306769010601
29.600042,0,13.6833813356355,15.9174027781883
29.62505,0,10.8908545324446,13.6833813356355
29.650045,0,7.8190750489346,11.1701072127637
29.675042,0,5.02654824574367,8.93608577021097
29.700078,0,2.51327412287183,6.42281164733913
29.725094,0,0.279252680319093,4.46804288510548
29.750051,0,0,2.51327412287183
29.775112,0,0,0.558505360638185
29.800072,0,0,0
29.825031,0,0,0
29.850037,0,0,0
29.875112,0,0,0
29.900133,0,0,0
29.925038,0,0,0
29.950087,0,0,0
29.975015,0,0,0
30.000076,0,0,0
30.025163,3.105,0,0
30.050075,3.105,6.70206432765823,6.42281164733913
30.075014,3.105,14.8003920569119,14.2418866962737
30.10002,3.105,18.4306769010601,17.8721715404219
30.124997,3.105,20.1061929829747,20.1061929829747
30.150003,3.105,20.6646983436129,20.943951023932
30.174994,3.105,21.223203704251,21.5024563845701
30.200066,3.105,21.5024563845701,22.0609617452083
30.225082,3.105,21.5024563845701,22.0609617452083
30.250072,3.105,21.5024563845701,22.0609617452083
30.275039,3.105,21.5024563845701,22.0609617452083
30.300034,3.105,21.5024563845701,22.0609617452083
30.325019,3.105,21.5024563845701,22.3402144255274
30.350072,3.105,21.7817090648892,22.0609617452083
30.375091,3.105,21.5024563845701,22.3402144255274
30.400111,3.105,21.7817090648892,22.3402144255274
30.42501,3.105,21.5024563845701,22.3402144255274
30.450115,3.105,21.7817090648892,22.3402144255274
30.475011,3.105,21.5024563845701,22.0609617452083
30.50003,3.105,21.5024563845701,22.0609617452083
30.525106,3.105,21.7817090648892,22.3402144255274
30.550021,3.105,21.5024563845701,22.3402144255274
30.575125,3.105,21.7817090648892,22.3402144255274
30.600013,3.105,21.5024563845701,22.3402144255274
30.625106,3.105,21.7817090648892,22.3402144255274
30.650025,3.105,21.5024563845701,22.0609617452083
30.675017,3.105,21.5024563845701,22.0609617452083
30.700064,3.105,21.7817090648892,22.3402144255274
30.725121,3.105,21.7817090648892,22.3402144255274
30.750141,3.105,21.7817090648892,22.3402144255274
30.775,3.105,21.5024563845701,22.3402144255274
30.800086,3.105,21.5024563845701,22.3402144255274
30.825057,3.105,21.7817090648892,22.3402144255274
30.850044,3.105,21.5024563845701,22.0609617452083
30.875018,3.105,21.7817090648892,22.3402144255274
30.900032,3.105,21.5024563845701,22.3402144255274
30.925021,3.105,21.7817090648892,22.3402144255274
30.950043,3.105,21.5024563845701,22.3402144255274
30.975078,3.105,21.5024563845701,22.0609617452083
31.00004,3.105,21.7817090648892,22.3402144255274
31.025098,3.105,21.5024563845701,22.3402144255274
31.050087,3.105,21.5024563845701,22.3402144255274
31.075065,3.105,21.7817090648892,22.3402144255274
31.100032,3.105,21.5024563845701,22.3402144255274
31.125011,3.105,21.5024563845701,22.3402144255274
31.150119,3.105,21.5024563845701,22.3402144255274
31.175004,3.105,21.5024563845701,22.0609617452083
31.200062,3.105,21.7817090648892,22.6194671058465
31.225049,3.105,21.5024563845701,22.3402144255274
31.25006,3.105,21.5024563845701,22.3402144255274
31.275056,3.105,21.5024563845701,22.0609617452083
31.300049,3.105,21.7817090648892,22.3402144255274
31.325035,3.105,21.5024563845701,22.6194671058465
31.35005,3.105,21.5024563845701,22.3402144255274
31.375045,3.105,21.7817090648892,22.3402144255274
31.400095,3.105,21.5024563845701,22.3402144255274
31.425113,3.105,21.7817090648892,22.3402144255274
31.450063,3.105,21.5024563845701,22.3402144255274
31.475087,3.105,21.5024563845701,22.3402144255274
31.500004,3.105,21.7817090648892,22.3402144255274
31.525021,3.105,21.5024563845701,22.3402144255274
31.550023,3.105,21.5024563845701,22.3402144255274
31.575117,3.105,21.7817090648892,22.3402144255274
31.600136,3.105,21.7817090648892,22.3402144255274
31.625016,3.105,21.5024563845701,22.0609617452083
31.650036,3.105,21.7817090648892,22.3402144255274
31.67501,3.105,21.5024563845701,22.0609617452083
31.700039,3.105,21.5024563845701,22.3402144255274
31.725008,3.105,21.7817090648892,22.3402144255274
31.750121,3.105,21.5024563845701,22.3402144255274
31.775143,3.105,21.5024563845701,22.0609617452083
31.800076,3.105,21.5024563845701,22.3402144255274
31.825066,3.105,21.5024563845701,22.3402144255274
31.850039,3.105,21.5024563845701,22.0609617452083
31.875047,3.105,21.5024563845701,22.3402144255274
31.900011,3.105,21.5024563845701,22.3402144255274
31.925022,3.105,21.5024563845701,22.0609617452083
31.950145,3.105,21.5024563845701,22.3402144255274
31.975015,3.105,21.5024563845701,22.0609617452083
32.000122,3.105,21.5024563845701,22.3402144255274
32.025049,0,21.5024563845701,22.3402144255274
32.050014,0,19.5476876223365,20.6646983436129
32.075024,0,16.4759081388265,18.4306769010601
32.100047,0,13.1248759749974,15.6381500978692
32.125057,0,10.3323491718064,13.4041286553165
32.150018,0,7.26056968829641,11.1701072127637
32.175007,0,4.74729556542458,8.65683308989187
32.200036,0,1.67551608191456,6.42281164733913
32.225001,0,0.279252680319093,4.18879020478639
32.250065,0,0,2.23402144255274
32.275055,0,0,0.279252680319093
32.300019,0,0,0
32.325081,0,0,0
32.350099,0,0,0
32.375035,0,0,0
32.400008,0,0,0
32.425052,0,0,0
32.45009,0,0,0
32.475057,0,0,0
32.500135,0,0,0
32.525205,3.105,0,0
32.550013,3.105,6.70206432765823,6.42281164733913
32.574998,3.105,14.8003920569119,14.2418866962737
32.600126,3.105,18.151424220741,17.8721715404219
32.625136,3.105,20.1061929829747,20.1061929829747
32.650044,3.105,20.3854456632938,20.6646983436129
32.675056,3.105,21.223203704251,21.7817090648892
32.700002,3.105,21.223203704251,21.7817090648892
32.725006,3.105,21.223203704251,21.7817090648892
32.750008,3.105,21.5024563845701,22.3402144255274
32.775017,3.105,21.5024563845701,22.0609617452083
32.800148,3.105,21.5024563845701,22.0609617452083
32.825051,3.105,21.5024563845701,22.3402144255274
32.850094,3.105,21.5024563845701,22.0609617452083
32.875006,3.105,21.5024563845701,22.0609617452083
32.900062,3.105,21.5024563845701,22.3402144255274
32.92502,3.105,21.5024563845701,22.0609617452083
32.950041,3.105,21.7817090648892,22.3402144255274
32.97507,3.105,21.5024563845701,22.3402144255274
33.000109,3.105,21.7817090648892,22.0609617452083
33.025194,0,21.5024563845701,22.3402144255274
33.050064,0,19.8269403026556,20.943951023932
33.075012,0,16.7551608191456,18.4306769010601
33.100103,0,13.4041286553165,15.9174027781883
33.125137,0,10.6116018521255,13.6833813356355
33.150019,0,7.8190750489346,10.8908545324446
33.175041,0,4.74729556542458,8.93608577021097
33.200014,0,2.51327412287183,6.70206432765823
33.224992,0,0,4.74729556542458
33.250085,0,0,2.51327412287183
33.275108,0,0,0.558505360638185
33.300148,0,0,0
33.325009,0,0,0
33.350052,0,0,0
33.375052,0,0,0
33.399991,0,0,0
33.425062,0,0,0
33.450134,0,0,0
33.475153,0,0,0
33.500037,0,0,0
33.525149,0,0,0
33.550009,0,0,0
33.575063,0,0,0
33.60005,0,0,0
33.62505,0,0,0
33.650013,0,0,0
33.675035,0,0,0
33.700029,0,0,0
33.725012,0,0,0
33.75002,0,0,0
33.775029,0,0,0
33.800063,0,0,0
33.825009,0,0,0
33.850001,0,0,0
33.875019,0,0,0
33.900055,0,0,0
33.925044,0,0,0
33.950093,0,0,0
33.975117,0,0,0
34.000023,0,0,0
34.025114,0,0,0
34.127977,0,0,0
34.150057,0,0,0
34.175118,0,0,0
34.200051,0,0,0
34.225057,0,0,0
34.250006,0,0,0
34.27501,0,0,0
34.300086,0,0,0
34.32513,0,0,0
34.350144,0,0,0
34.375023,0,0,0
34.400127,0,0,0
34.425031,0,0,0
34.45003,0,0,0
34.475012,0,0,0
34.500016,0,0,0
34.525115,3.105,0,0
34.550011,3.105,6.70206432765823,6.14355896702004
34.57506,3.105,14.5211393765928,13.9626340159546
34.600072,3.105,18.4306769010601,18.151424220741
34.625044,3.105,19.8269403026556,19.8269403026556
34.650007,3.105,20.6646983436129,20.943951023932
34.67502,3.105,21.223203704251,21.5024563845701
34.700157,3.105,21.5024563845701,22.0609617452083
34.725,3.105,21.223203704251,21.7817090648892
34.750103,3.105,21.5024563845701,22.3402144255274
34.775038,3.105,21.5024563845701,22.0609617452083
34.800053,3.105,21.5024563845701,22.0609617452083
34.825015,3.105,21.5024563845701,22.3402144255274
34.850042,3.105,21.5024563845701,22.0609617452083
34.875016,3.105,21.5024563845701,22.3402144255274
34.900081,3.105,21.5024563845701,22.3402144255274
34.925082,3.105,21.5024563845701,22.3402144255274
34.950023,3.105,21.5024563845701,22.0609617452083
34.97507,3.105,21.7817090648892,22.3402144255274
35.000066,3.105,21.5024563845701,22.3402144255274
35.025221,0,21.7817090648892,22.3402144255274
35.050036,0,19.8269403026556,20.943951023932
35.075062,0,16.7551608191456,18.4306769010601
35.100066,0,13.6833813356355,16.1966554585074
35.12504,0,10.6116018521255,13.4041286553165
35.150055,0,7.8190750489346,11.1701072127637
35.175083,0,5.30580092606276,9.21533845053006
35.200109,0,2.23402144255274,6.70206432765823
35.224994,0,0.279252680319093,4.74729556542458
35.250062,0,0,2.51327412287183
35.275056,0,0,0.837758040957278
35.300029,0,0,0
35.325021,0,0,0
35.350083,0,0,0
35.375121,0,0,0
35.400095,0,0,0
35.425107,0,0,0
35.450009,0,0,0
35.475058,0,0,0
35.500086,0,0,0
35.525272,0,0,0
35.550006,0,0,0
35.575092,0,0,0
35.600037,0,0,0
35.625034,0,0,0
35.650018,0,0,0
35.675047,0,0,0
35.700069,0,0,0
35.725045,0,0,0
35.750047,0,0,0
35.774991,0,0,0
35.800001,0,0,0
35.825056,0,0,0
35.850111,0,0,0
35.875138,0,0,0
35.900051,0,0,0
35.92509,0,0,0
35.950026,0,0,0
35.975011,0,0,0
36.000023,0,0,0
36.025136,3.105,0,0
36.050003,3.105,6.70206432765823,6.14355896702004
36.075051,3.105,14.8003920569119,13.9626340159546
36.10008,3.105,18.4306769010601,18.151424220741
36.125036,3.105,19.8269403026556,19.8269403026556
36.149997,3.105,20.6646983436129,20.943951023932
36.175048,3.105,21.223203704251,21.7817090648892
36.200061,3.105,21.5024563845701,21.7817090648892
36.22503,3.105,21.223203704251,22.0609617452083
36.250035,3.105,21.5024563845701,22.3402144255274
36.275035,3.105,21.5024563845701,22.0609617452083
36.300029,3.105,21.5024563845701,22.0609617452083
36.325047,3.105,21.7817090648892,22.3402144255274
36.350097,3.105,21.5024563845701,22.3402144255274
36.375117,3.105,21.5024563845701,22.3402144255274
36.400025,3.105,21.5024563845701,22.3402144255274
36.425045,3.105,21.5024563845701,22.0609617452083
36.449999,3.105,21.5024563845701,22.3402144255274
36.475008,3.105,21.5024563845701,22.0609617452083
36.500375,3.105,22.0609617452083,22.6194671058465
36.525178,0,20.3854456632938,21.223203704251
36.550029,0,17.3136661797837,18.9891822616983
36.575081,0,14.2418866962737,16.4759081388265
36.600111,0,11.1701072127637,13.9626340159546
36.625028,0,8.37758040957278,11.4493598930828
36.650062,0,5.58505360638185,9.49459113084915
36.675024,0,2.79252680319093,6.98131700797732
36.70006,0,0.558505360638185,5.02654824574367
36.725027,0,0,2.79252680319093
36.750037,0,0,1.11701072127637
36.775028,0,0,0
36.800048,0,0,0
36.825045,0,0,0
36.850116,0,0,0
36.875115,0,0,0
36.900029,0,0,0
36.925063,0,0,0
36.950045,0,0,0
36.97506,0,0,0
37.000085,0,0,0
37.025165,0,0,0
37.050055,0,0,0
37.07502,0,0,0
37.100122,0,0,0
37.12501,0,0,0
37.150051,0,0,0
37.175041,0,0,0
37.200065,0,0,0
37.225033,0,0,0
37.250035,0,0,0
37.275108,0,0,0
37.300024,0,0,0
37.325018,0,0,0
37.350041,0,0,0
37.375104,0,0,0
37.40007,0,0,0
37.425026,0,0,0
37.450007,0,0,0
37.475061,0,0,0
37.500057,0,0,0
37.525049,0,0,0
37.550043,0,0,0
37.574998,0,0,0
37.600092,0,0,0
37.625032,0,0,0
37.650003,0,0,0
37.675055,0,0,0
37.700095,0,0,0
37.725129,0,0,0
37.75002,0,0,0
37.775091,0,0,0
37.800023,0,0,0
37.824994,0,0,0
37.850042,0,0,0
37.875123,0,0,0
37.900133,0,0,0
37.925054,0,0,0
37.95004,0,0,0
37.975041,0,0,0
38.000062,0,0,0
38.02517,3.105,0,0
38.050051,3.105,6.70206432765823,6.14355896702004
38.152458,3.105,75.9567290467932,75.1189710058359
38.174999,3.105,18.9891822616983,19.2684349420174
38.200039,3.105,21.223203704251,22.0609617452083
38.225024,3.105,21.5024563845701,22.0609617452083
38.250045,3.105,21.5024563845701,22.0609617452083
38.275056,3.105,21.5024563845701,22.0609617452083
38.300054,3.105,21.5024563845701,22.0609617452083
38.32507,3.105,21.7817090648892,22.0609617452083
38.350005,3.105,21.5024563845701,22.3402144255274
38.375045,3.105,21.5024563845701,22.3402144255274
38.399993,3.105,21.5024563845701,22.0609617452083
38.425074,3.105,21.5024563845701,22.3402144255274
38.450106,3.105,21.5024563845701,22.0609617452083
38.475084,3.105,21.7817090648892,22.3402144255274
38.500129,3.105,21.5024563845701,22.0609617452083
38.525229,3.105,21.5024563845701,22.3402144255274
38.550027,3.105,21.223203704251,22.0609617452083
38.575053,3.105,21.5024563845701,22.0609617452083
38.600124,3.105,21.7817090648892,22.0609617452083
38.625147,3.105,21.5024563845701,22.3402144255274
38.650065,3.105,21.5024563845701,21.7817090648892
38.675121,3.105,21.5024563845701,22.3402144255274
38.700062,3.105,21.5024563845701,22.0609617452083
38.725051,3.105,21.5024563845701,22.0609617452083
38.750041,3.105,21.5024563845701,22.0609617452083
38.775062,3.105,21.5024563845701,22.0609617452083
38.800049,3.105,21.5024563845701,22.3402144255274
38.82505,3.105,21.5024563845701,22.0609617452083
38.850024,3.105,21.5024563845701,22.0609617452083
38.875036,3.105,21.5024563845701,22.0609617452083
38.900012,3.105,21.5024563845701,22.0609617452083
38.925055,3.105,21.5024563845701,22.3402144255274
38.950082,3.105,21.5024563845701,22.0609617452083
38.974998,3.105,21.5024563845701,22.0609617452083
39.00008,3.105,21.5024563845701,22.3402144255274
39.025055,3.105,21.5024563845701,22.0609617452083
39.050013,3.105,21.223203704251,22.0609617452083
39.075057,3.105,21.7817090648892,22.3402144255274
39.100101,3.105,21.223203704251,22.3402144255274
39.125107,3.105,21.5024563845701,22.0609617452083
39.150011,3.105,21.5024563845701,22.0609617452083
39.17505,3.105,21.5024563845701,22.3402144255274
39.199991,3.105,21.5024563845701,22.0609617452083
39.224996,3.105,21.5024563845701,22.0609617452083
39.250049,3.105,21.5024563845701,22.3402144255274
39.275011,3.105,21.5024563845701,22.3402144255274
39.300127,3.105,21.5024563845701,22.3402144255274
39.325018,3.105,21.5024563845701,22.0609617452083
39.350125,3.105,21.7817090648892,22.0609617452083
39.375054,3.105,21.5024563845701,22.3402144255274
39.400018,3.105,21.5024563845701,22.0609617452083
39.425076,3.105,21.5024563845701,22.3402144255274
39.450102,3.105,21.5024563845701,22.3402144255274
39.475007,3.105,21.5024563845701,22.0609617452083
39.500065,3.105,21.7817090648892,22.3402144255274
39.525201,0,21.5024563845701,22.3402144255274
39.550055,0,19.8269403026556,20.6646983436129
39.575064,0,16.4759081388265,18.4306769010601
39.600021,0,13.4041286553165,15.9174027781883
39.625057,0,10.3323491718064,13.6833813356355
39.650009,0,7.5398223686155,10.8908545324446
39.675073,0,4.74729556542458,8.65683308989187
39.700083,0,2.23402144255274,6.70206432765823
39.725018,0,0,4.46804288510548
39.750019,0,0,2.23402144255274
39.775063,0,0,0.558505360638185
39.800089,0,0,0
39.825026,0,0,0
39.850008,0,0,0
39.875047,0,0,0
39.900054,0,0,0
39.925032,0,0,0
39.950044,0,0,0
39.975097,0,0,0
40.00012,0,0,0
40.025147,3.105,0,0
40.050041,3.105,6.98131700797732,6.14355896702004
40.075027,3.105,14.8003920569119,13.9626340159546
40.100056,3.105,18.151424220741,17.8721715404219
40.125016,3.105,19.8269403026556,19.5476876223365
40.150146,3.105,20.943951023932,21.223203704251
40.175037,3.105,20.943951023932,21.223203704251
40.200093,3.105,21.223203704251,21.7817090648892
40.225057,3.105,21.5024563845701,21.7817090648892
40.250018,3.105,21.5024563845701,22.0609617452083
40.275018,3.105,21.223203704251,22.0609617452083
40.300021,3.105,21.5024563845701,22.3402144255274
40.325143,3.105,21.7817090648892,22.0609617452083
40.349991,3.105,21.223203704251,22.0609617452083
40.375101,3.105,21.7817090648892,22.3402144255274
40.400013,3.105,21.5024563845701,22.0609617452083
40.425038,3.105,21.5024563845701,22.3402144255274
40.450059,3.105,21.5024563845701,22.0609617452083
40.475024,3.105,21.7817090648892,22.0609617452083
40.500007,3.105,21.5024563845701,22.0609617452083
40.525006,3.105,21.5024563845701,22.3402144255274
40.550074,3.105,21.7817090648892,22.3402144255274
40.575068,3.105,21.5024563845701,22.0609617452083
40.600035,3.105,21.7817090648892,22.3402144255274
40.625039,3.105,21.5024563845701,22.0609617452083
40.650037,3.105,21.7817090648892,22.3402144255274
40.674996,3.105,21.5024563845701,22.0609617452083
40.700007,3.105,21.5024563845701,22.3402144255274
40.725019,3.105,21.7817090648892,22.0609617452083
40.75002,3.105,21.5024563845701,22.3402144255274
40.775,3.105,21.7817090648892,22.0609617452083
40.800029,3.105,21.5024563845701,22.3402144255274
40.825042,3.105,21.5024563845701,22.3402144255274
40.850054,3.105,21.5024563845701,22.3402144255274
40.875045,3.105,21.5024563845701,22.0609617452083
40.900004,3.105,21.5024563845701,22.3402144255274
40.925008,3.105,21.7817090648892,22.3402144255274
40.950031,3.105,21.5024563845701,22.3402144255274
40.975073,3.105,21.5024563845701,22.3402144255274
41.000164,3.105,21.7817090648892,22.3402144255274
41.025177,0,21.5024563845701,22.3402144255274
41.050051,0,19.8269403026556,20.6646983436129
41.074997,0,16.7551608191456,18.4306769010601
41.100064,0,13.6833813356355,16.1966554585074
41.125034,0,10.6116018521255,13.4041286553165
41.150089,0,7.8190750489346,11.1701072127637
41.175094,0,5.30580092606276,8.93608577021097
41.200084,0,2.51327412287183,6.70206432765823
41.225093,0,0.279252680319093,4.46804288510548
41.25,0,0,2.79252680319093
41.274994,0,0,0.558505360638185
41.300027,0,0,0
41.325072,0,0,0
41.350104,0,0,0
41.37503,0,0,0
41.400064,0,0,0
41.425018,0,0,0
41.449998,0,0,0
41.47508,0,0,0
41.500098,0,0,0
41.525214,3.105,0,0
41.550064,3.105,6.70206432765823,6.14355896702004
41.575048,3.105,14.8003920569119,13.9626340159546
41.599998,3.105,18.151424220741,17.5929188601028
41.625016,3.105,20.1061929829747,19.8269403026556
41.650059,3.105,20.943951023932,21.223203704251
41.675026,3.105,21.223203704251,21.5024563845701
41.700165,3.105,21.5024563845701,21.7817090648892
41.725061,3.105,21.223203704251,22.0609617452083
41.750057,3.105,21.5024563845701,22.0609617452083
41.775045,3.105,21.5024563845701,22.0609617452083
41.800048,3.105,21.7817090648892,22.3402144255274
41.825005,3.105,21.5024563845701,22.3402144255274
41.850032,3.105,21.5024563845701,22.0609617452083
41.875156,3.105,21.7817090648892,22.6194671058465
41.899993,3.105,21.223203704251,21.7817090648892
41.925037,3.105,21.7817090648892,22.3402144255274
41.950047,3.105,21.5024563845701,22.3402144255274
41.975024,3.105,21.5024563845701,22.3402144255274
42.000097,3.105,21.7817090648892,22.3402144255274
42.025091,3.105,21.5024563845701,22.3402144255274
42.050042,3.105,21.5024563845701,22.0609617452083
42.075035,3.105,21.7817090648892,22.3402144255274
42.099998,3.105,21.5024563845701,22.3402144255274
42.125012,3.105,21.5024563845701,22.3402144255274
42.150017,3.105,21.5024563845701,22.3402144255274
42.175043,3.105,21.5024563845701,22.3402144255274
42.200048,3.105,21.7817090648892,22.0609617452083
42.225004,3.105,21.5024563845701,22.3402144255274
42.250058,3.105,21.5024563845701,22.3402144255274
42.274999,3.105,21.5024563845701,22.3402144255274
42.300003,3.105,21.5024563845701,22.3402144255274
42.325006,3.105,21.7817090648892,22.3402144255274
42.350075,3.105,21.5024563845701,22.3402144255274
42.375069,3.105,21.7817090648892,22.3402144255274
42.400016,3.105,21.5024563845701,22.3402144255274
42.425026,3.105,21.5024563845701,22.3402144255274
42.450028,3.105,21.7817090648892,22.3402144255274
42.475034,3.105,21.5024563845701,22.3402144255274
42.500018,3.105,21.7817090648892,22.3402144255274
42.525128,3.105,21.5024563845701,22.3402144255274
42.550138,3.105,21.7817090648892,22.3402144255274
42.575027,3.105,21.5024563845701,22.0609617452083
42.600071,3.105,21.7817090648892,22.3402144255274
42.625047,3.105,21.5024563845701,22.3402144255274
42.650062,3.105,21.7817090648892,22.3402144255274
42.675045,3.105,21.5024563845701,22.3402144255274
42.700112,3.105,21.7817090648892,22.3402144255274
42.725134,3.105,21.7817090648892,22.3402144255274
42.750006,3.105,21.5024563845701,22.3402144255274
42.775101,3.105,21.7817090648892,22.3402144255274
42.800013,3.105,21.5024563845701,22.3402144255274
42.825005,3.105,21.5024563845701,22.3402144255274
42.850066,3.105,21.7817090648892,22.3402144255274
42.875125,3.105,21.7817090648892,22.6194671058465
42.900107,3.105,21.5024563845701,22.3402144255274
42.925059,3.105,21.7817090648892,22.3402144255274
42.950108,3.105,21.5024563845701,22.3402144255274
42.975041,3.105,21.7817090648892,22.3402144255274
43.000011,3.105,21.5024563845701,22.3402144255274
43.025007,0,21.7817090648892,22.3402144255274
43.050066,0,19.8269403026556,21.223203704251
43.075029,0,16.7551608191456,18.7099295813792
43.100025,0,13.6833813356355,15.9174027781883
43.125118,0,10.6116018521255,13.9626340159546
43.150061,0,7.8190750489346,11.1701072127637
43.175002,0,5.30580092606276,8.93608577021097
43.200087,0,2.51327412287183,6.98131700797732
43.225098,0,0.279252680319093,4.74729556542458
43.250059,0,0,2.79252680319093
43.275116,0,0,0.558505360638185
43.300005,0,0,0
43.325072,0,0,0
43.35,0,0,0
43.375137,0,0,0
43.400165,0,0,0
43.424999,0,0,0
43.450045,0,0,0
43.475048,0,0,0
43.50001,0,0,0
43.525225,0,0,0
43.55007,0,0,0
43.57501,0,0,0
43.600031,0,0,0
43.625096,0,0,0
43.650039,0,0,0
43.675002,0,0,0
43.700041,0,0,0
43.725097,0,0,0
43.75005,0,0,0
43.775052,0,0,0
43.80002,0,0,0
43.825054,0,0,0
43.850028,0,0,0
43.875061,0,0,0
43.900085,0,0,0
43.925011,0,0,0
43.950056,0,0,0
43.975055,0,0,0
44.000052,0,0,0
44.025064,0,0,0
44.050131,0,0,0
44.075116,0,0,0
44.100007,0,0,0
44.125107,0,0,0
44.150001,0,0,0
44.174999,0,0,0
44.200043,0,0,0
44.225119,0,0,0
44.250132,0,0,0
44.275041,0,0,0
44.300087,0,0,0
44.325027,0,0,0
44.349989,0,0,0
44.375062,0,0,0
44.400009,0,0,0
44.425148,0,0,0
44.450078,0,0,0
44.475059,0,0,0
44.500007,0,0,0
44.525219,0,0,0
44.55004,0,0,0
44.57505,0,0,0
44.60016,0,0,0
44.625086,0,0,0
44.650097,0,0,0
44.675053,0,0,0
44.699997,0,0,0
44.725025,0,0,0
44.750044,0,0,0
44.77516,0,0,0
44.800051,0,0,0
44.824998,0,0,0
44.850042,0,0,0
44.875041,0,0,0
44.900028,0,0,0
44.925018,0,0,0
44.950151,0,0,0
44.975027,0,0,0
45.000069,0,0,0
45.025,3.105,0,0
45.05,3.105,6.98131700797732,6.42281164733913
45.075038,3.105,14.8003920569119,14.2418866962737
45.100039,3.105,18.151424220741,17.8721715404219
45.125001,3.105,19.8269403026556,20.1061929829747
45.150067,3.105,20.6646983436129,20.943951023932
45.175101,3.105,21.223203704251,21.5024563845701
45.200062,3.105,21.223203704251,21.7817090648892
45.224998,3.105,21.5024563845701,22.0609617452083
45.250037,3.105,21.5024563845701,22.0609617452083
45.275069,3.105,21.5024563845701,22.3402144255274
45.300062,3.105,21.5024563845701,22.0609617452083
45.325097,3.105,21.5024563845701,22.3402144255274
45.350029,3.105,21.7817090648892,22.0609617452083
45.375056,3.105,21.5024563845701,22.3402144255274
45.400039,3.105,21.7817090648892,22.3402144255274
45.425078,3.105,21.5024563845701,22.3402144255274
45.450093,3.105,21.7817090648892,22.0609617452083
45.474995,3.105,21.5024563845701,22.0609617452083
45.500107,3.105,21.7817090648892,22.6194671058465
45.525075,0,21.7817090648892,22.0609617452083
45.550007,0,19.8269403026556,20.943951023932
45.575056,0,16.7551608191456,18.4306769010601
45.600072,0,13.9626340159546,16.1966554585074
45.625121,0,10.8908545324446,13.6833813356355
45.650071,0,7.8190750489346,11.1701072127637
45.67512,0,5.30580092606276,8.93608577021097
45.700041,0,2.79252680319093,6.98131700797732
45.725023,0,0.279252680319093,4.74729556542458
45.750068,0,0,2.79252680319093
45.853351,0,0,0.837758040957278
45.875103,0,0,0
