t,u,wl,wr
0,0,0,0
0.0250079999999997,0,0,0
0.0499750000000034,0,0,0
0.0751000000000062,0,0,0
0.0999900000000054,3.105,1.95476876223365,1.67551608191456
0.124986000000007,3.105,11.7286125734019,11.1701072127637
0.149965000000009,3.105,17.3136661797837,16.4759081388265
0.175035000000008,3.105,19.5476876223365,19.2684349420174
0.199971000000005,3.105,20.3854456632938,20.6646983436129
0.225082,3.105,21.223203704251,21.223203704251
0.250108000000012,3.105,21.223203704251,21.7817090648892
0.274990000000003,3.105,21.223203704251,21.5024563845701
0.300094999999999,3.105,21.5024563845701,22.0609617452083
0.324984999999998,3.105,21.223203704251,21.7817090648892
0.350027000000011,3.105,21.5024563845701,21.7817090648892
0.374977000000001,3.105,21.223203704251,21.7817090648892
0.399973000000003,3.105,21.5024563845701,22.0609617452083
0.425012000000009,3.105,21.223203704251,22.0609617452083
0.450046999999998,3.105,21.5024563845701,22.0609617452083
0.474969999999999,3.105,21.223203704251,21.7817090648892
0.500038000000004,0,21.223203704251,21.7817090648892
0.525006000000005,0,17.8721715404219,18.9891822616983
0.549985000000007,0,14.8003920569119,16.4759081388265
0.575130999999999,0,11.7286125734019,13.9626340159546
0.600115000000002,3.105,10.0530964914873,12.2871179340401
0.624970000000005,3.105,15.6381500978692,16.4759081388265
0.649968000000001,3.105,18.9891822616983,19.2684349420174
0.675041000000007,3.105,20.3854456632938,20.3854456632938
0.700039000000004,3.105,20.943951023932,21.223203704251
0.725109000000003,3.105,21.223203704251,21.7817090648892
0.750039999999998,3.105,21.223203704251,21.7817090648892
0.77503200000001,3.105,21.5024563845701,21.7817090648892
0.800021000000001,3.105,21.5024563845701,22.0609617452083
0.825036000000011,3.105,21.223203704251,21.7817090648892
0.849967000000007,3.105,21.5024563845701,22.0609617452083
0.875099000000006,3.105,21.5024563845701,22.0609617452083
0.900011000000006,3.105,21.5024563845701,22.0609617452083
0.925004999999999,3.105,21.5024563845701,22.0609617452083
0.950005000000004,3.105,21.5024563845701,21.7817090648892
0.974994000000009,3.105,21.5024563845701,22.0609617452083
1.00002500000001,0,20.943951023932,21.7817090648892
1.025092,0,17.8721715404219,19.2684349420174
1.05009000000001,0,14.5211393765928,16.4759081388265
1.074989,0,11.1701072127637,13.9626340159546
1.100037,0,8.37758040957278,11.4493598930828
1.125,0,5.58505360638185,9.21533845053006
1.150036,0,2.79252680319093,6.98131700797732
1.174994,0,0.279252680319093,4.74729556542458
1.200033,3.105,1.95476876223365,4.46804288510548
1.225014,3.105,12.007865253721,12.2871179340401
1.25007000000001,3.105,17.0344134994647,17.3136661797837
1.274968,3.105,19.5476876223365,19.5476876223365
1.30003600000001,0,20.1061929829747,20.3854456632938
1.32501600000001,0,17.0344134994647,18.4306769010601
1.350003,0,13.9626340159546,15.6381500978692
1.375023,0,10.8908545324446,13.1248759749974
1.40005500000001,3.105,9.49459113084915,12.007865253721
1.42496800000001,3.105,15.3588974175501,16.1966554585074
1.450023,3.105,18.7099295813792,18.9891822616983
1.47500500000001,3.105,20.1061929829747,20.6646983436129
1.500011,0,20.3854456632938,20.943951023932
1.525014,0,17.5929188601028,18.7099295813792
1.55007000000001,0,14.2418866962737,16.1966554585074
1.575001,0,11.1701072127637,13.4041286553165
1.60002700000001,3.105,9.49459113084915,12.2871179340401
1.62497900000001,3.105,15.6381500978692,16.4759081388265
1.650081,3.105,18.9891822616983,19.2684349420174
1.67509200000001,3.105,20.1061929829747,20.6646983436129
1.700011,0,20.3854456632938,20.943951023932
1.72501200000001,0,17.5929188601028,18.7099295813792
1.74999800000001,0,14.5211393765928,16.1966554585074
1.77498700000001,0,11.1701072127637,13.6833813356355
1.79999600000001,0,8.37758040957278,11.4493598930828
1.825069,0,5.58505360638185,8.93608577021097
1.850025,0,2.79252680319093,6.70206432765823
1.875005,0,0.279252680319093,4.46804288510548
1.90003800000001,3.105,1.39626340159546,3.63028484414821
1.925014,3.105,11.1701072127637,11.7286125734019
1.950005,3.105,17.0344134994647,16.7551608191456
1.975098,3.105,19.5476876223365,19.8269403026556
1.999983,0,20.1061929829747,20.3854456632938
2.02497200000001,0,17.5929188601028,18.7099295813792
2.05004100000001,0,14.5211393765928,15.9174027781883
2.07502100000001,0,11.4493598930828,13.6833813356355
2.10002,3.105,9.77384381116824,12.007865253721
2.125096,3.105,15.9174027781883,16.4759081388265
2.15008200000001,3.105,18.7099295813792,19.2684349420174
2.17499100000001,3.105,20.3854456632938,20.6646983436129
2.200034,3.105,20.943951023932,21.5024563845701
2.225043,3.105,21.223203704251,21.7817090648892
2.25001,3.105,21.223203704251,21.7817090648892
2.27500500000001,3.105,21.5024563845701,22.0609617452083
2.30000000000001,0,20.943951023932,21.5024563845701
2.325022,0,18.151424220741,19.5476876223365
2.35003300000001,0,14.8003920569119,16.7551608191456
2.374977,0,11.7286125734019,14.2418866962737
2.39999900000001,0,8.65683308989187,11.7286125734019
2.42503500000001,0,5.86430628670095,9.49459113084915
2.450018,0,3.07177948351002,7.26056968829641
2.475003,0,0.558505360638185,5.02654824574367
2.50005200000001,3.105,1.67551608191456,4.18879020478639
2.525003,3.105,11.7286125734019,12.2871179340401
2.55000800000001,3.105,17.0344134994647,17.3136661797837
2.575041,3.105,19.8269403026556,19.5476876223365
2.60002800000001,3.105,20.6646983436129,21.223203704251
2.624961,3.105,20.943951023932,21.223203704251
2.650069,3.105,21.5024563845701,22.0609617452083
2.67507400000001,3.105,21.5024563845701,22.0609617452083
2.70004300000001,3.105,21.223203704251,21.7817090648892
2.725014,3.105,21.5024563845701,22.0609617452083
2.75007600000001,3.105,21.5024563845701,22.0609617452083
2.775069,3.105,21.223203704251,22.3402144255274
2.80007300000001,0,21.223203704251,21.7817090648892
2.825052,0,17.8721715404219,19.2684349420174
2.849997,0,15.079644737231,17.0344134994647
2.87497,0,11.7286125734019,14.2418866962737
2.89998300000001,0,8.65683308989187,12.007865253721
2.92505200000001,0,5.86430628670095,9.49459113084915
2.94999700000001,0,3.35103216382911,7.26056968829641
2.97499000000001,0,0.558505360638185,5.30580092606276
2.99997500000001,3.105,1.67551608191456,4.74729556542458
3.02500900000001,3.105,11.7286125734019,12.2871179340401
3.05004000000001,3.105,17.3136661797837,17.5929188601028
3.075085,3.105,19.8269403026556,19.8269403026556
3.100015,3.105,20.3854456632938,20.943951023932
3.12500300000001,3.105,21.223203704251,21.5024563845701
3.149979,3.105,21.223203704251,22.0609617452083
3.17502800000001,3.105,21.5024563845701,22.0609617452083
3.20004,0,20.943951023932,21.7817090648892
3.224981,0,18.151424220741,19.2684349420174
3.25008200000001,0,15.079644737231,17.0344134994647
3.27503400000001,0,12.007865253721,14.5211393765928
3.300044,3.105,8.93608577021097,11.7286125734019
3.325012,3.105,12.007865253721,13.9626340159546
3.34999500000001,3.105,17.3136661797837,18.151424220741
3.375034,3.105,19.8269403026556,20.1061929829747
3.400001,3.105,20.6646983436129,21.223203704251
3.42497200000001,3.105,20.943951023932,21.5024563845701
3.450017,3.105,21.5024563845701,22.0609617452083
3.474986,3.105,21.5024563845701,22.0609617452083
3.499978,3.105,21.223203704251,22.0609617452083
3.52505000000001,3.105,21.5024563845701,22.0609617452083
3.550099,3.105,21.5024563845701,22.0609617452083
3.575109,3.105,21.5024563845701,22.0609617452083
3.600122,3.105,21.5024563845701,22.3402144255274
3.62506500000001,3.105,21.5024563845701,21.7817090648892
3.649967,3.105,21.5024563845701,22.0609617452083
3.67501900000001,3.105,21.5024563845701,22.0609617452083
3.700018,0,20.943951023932,21.7817090648892
3.725098,0,18.4306769010601,19.5476876223365
3.75001400000001,0,15.079644737231,16.7551608191456
3.775087,0,12.007865253721,14.5211393765928
3.800031,0,8.93608577021097,11.7286125734019
3.82504400000001,0,6.14355896702004,9.49459113084915
3.850013,0,3.63028484414821,7.26056968829641
3.875038,0,0.837758040957278,5.02654824574367
3.90000500000001,3.105,1.67551608191456,4.46804288510548
3.925059,3.105,11.4493598930828,12.007865253721
3.950085,3.105,17.0344134994647,17.0344134994647
3.974996,3.105,19.5476876223365,19.5476876223365
4.00000700000001,0,20.1061929829747,20.3854456632938
4.02501000000001,0,17.3136661797837,18.151424220741
4.050112,0,14.2418866962737,15.6381500978692
4.07500800000001,0,10.8908545324446,13.1248759749974
4.100065,3.105,9.77384381116824,11.7286125734019
4.12498600000001,3.105,15.3588974175501,16.1966554585074
4.15003,3.105,18.7099295813792,18.9891822616983
4.17501700000001,3.105,20.3854456632938,20.6646983436129
4.20002000000001,0,20.3854456632938,21.223203704251
4.224998,0,17.5929188601028,18.7099295813792
4.250039,0,14.8003920569119,16.1966554585074
4.275031,0,11.4493598930828,13.6833813356355
4.30000700000001,0,8.37758040957278,11.4493598930828
4.32503700000001,0,5.58505360638185,8.93608577021097
4.35003500000001,0,3.07177948351002,6.70206432765823
4.37496900000001,0,0.558505360638185,4.46804288510548
4.39999200000001,0,0,2.51327412287183
4.42500100000001,0,0,0.558505360638185
4.45002600000001,0,0,0
4.47496700000001,0,0,0
4.500055,0,0,0
4.525003,0,0,0
4.55000700000001,0,0,0
4.575041,0,0,0
4.59999900000001,0,0,0
4.62503000000001,0,0,0
4.65003900000001,0,0,0
4.67506200000001,0,0,0
4.70003,3.105,1.95476876223365,1.67551608191456
4.725049,3.105,12.007865253721,11.1701072127637
4.75000700000001,3.105,17.0344134994647,16.7551608191456
4.77500000000001,3.105,19.5476876223365,19.5476876223365
4.79997900000001,0,20.1061929829747,20.3854456632938
4.82504300000001,0,17.5929188601028,18.4306769010601
4.850131,0,13.9626340159546,15.6381500978692
4.875021,0,11.1701072127637,13.1248759749974
4.900025,3.105,9.49459113084915,12.007865253721
4.924977,3.105,15.3588974175501,15.9174027781883
4.95001500000001,3.105,18.7099295813792,19.2684349420174
4.975086,3.105,20.3854456632938,20.6646983436129
5.000124,0,20.6646983436129,21.223203704251
5.02506100000001,0,17.8721715404219,18.9891822616983
5.050077,0,14.8003920569119,16.7551608191456
5.074985,0,11.7286125734019,13.9626340159546
5.099993,3.105,9.77384381116824,12.2871179340401
5.125072,3.105,15.3588974175501,16.1966554585074
5.15008400000001,3.105,18.7099295813792,19.2684349420174
5.174971,3.105,20.3854456632938,20.6646983436129
5.20004200000001,3.105,20.943951023932,21.5024563845701
5.224998,3.105,21.223203704251,21.7817090648892
5.25002400000001,3.105,21.223203704251,22.0609617452083
5.275012,3.105,21.5024563845701,21.7817090648892
5.300014,3.105,21.223203704251,22.0609617452083
5.325028,3.105,21.5024563845701,22.0609617452083
5.350054,3.105,21.5024563845701,22.0609617452083
5.375004,3.105,21.5024563845701,22.0609617452083
5.39998700000001,0,20.943951023932,21.7817090648892
5.425014,0,18.4306769010601,19.5476876223365
5.450012,0,15.079644737231,17.0344134994647
5.47512500000001,0,12.007865253721,14.5211393765928
5.500105,0,8.65683308989187,12.007865253721
5.52503300000001,0,6.14355896702004,9.77384381116824
5.55001300000001,0,3.35103216382911,7.26056968829641
5.575028,0,0.837758040957278,5.30580092606276
5.599997,3.105,1.39626340159546,4.46804288510548
5.625113,3.105,11.4493598930828,12.007865253721
5.649968,3.105,16.7551608191456,17.3136661797837
5.674987,3.105,19.5476876223365,19.5476876223365
5.700047,0,20.3854456632938,20.6646983436129
5.72499500000001,0,17.3136661797837,18.4306769010601
5.74998100000001,0,14.2418866962737,16.1966554585074
5.77498200000001,0,11.1701072127637,13.4041286553165
5.800055,0,8.37758040957278,11.1701072127637
5.82503600000001,0,5.30580092606276,8.65683308989187
5.85004000000001,0,2.79252680319093,6.42281164733913
5.87498500000001,0,0.279252680319093,4.46804288510548
5.900025,0,0,2.23402144255274
5.925066,0,0,0.558505360638185
5.950084,0,0,0
5.97501700000001,0,0,0
6.00009800000001,3.105,1.11701072127637,1.11701072127637
6.02498200000001,3.105,10.8908545324446,10.6116018521255
6.04999100000001,3.105,17.0344134994647,16.7551608191456
6.074977,3.105,19.2684349420174,19.2684349420174
6.100013,0,20.1061929829747,20.3854456632938
6.12500700000001,0,17.3136661797837,17.8721715404219
6.150029,0,13.9626340159546,15.6381500978692
6.17507500000001,0,11.1701072127637,13.1248759749974
6.199995,0,8.09832772925369,10.6116018521255
6.224981,0,5.02654824574367,8.37758040957278
6.249983,0,2.51327412287183,6.14355896702004
6.275092,0,0.558505360638185,3.9095375244673
6.30013000000001,0,0,1.95476876223365
6.32504200000001,0,0,0
6.35000000000001,0,0,0
6.37501400000001,0,0,0
6.400023,0,0,0
6.425061,0,0,0
6.45001600000001,0,0,0
6.475014,0,0,0
6.50002400000001,0,0,0
6.52501700000001,0,0,0
6.55005700000001,0,0,0
6.57509,0,0,0
6.60007,0,0,0
6.62505900000001,0,0,0
6.650013,0,0,0
6.67504000000001,0,0,0
6.700017,3.105,1.67551608191456,1.95476876223365
6.72504600000001,3.105,12.007865253721,11.1701072127637
6.750055,3.105,17.0344134994647,16.7551608191456
6.775019,3.105,19.5476876223365,19.2684349420174
6.800065,0,20.1061929829747,20.3854456632938
6.824967,0,17.3136661797837,18.151424220741
6.850043,0,14.2418866962737,15.6381500978692
6.874993,0,10.8908545324446,12.8456232946783
6.89999,3.105,9.77384381116824,12.007865253721
6.92501,3.105,15.6381500978692,15.9174027781883
6.95001600000001,3.105,18.7099295813792,18.9891822616983
6.974993,3.105,20.3854456632938,20.6646983436129
7.000005,0,20.3854456632938,20.6646983436129
7.02497100000001,0,17.5929188601028,18.7099295813792
7.05009800000001,0,14.5211393765928,15.9174027781883
7.075092,0,11.1701072127637,13.6833813356355
7.10098000000001,0,8.65683308989187,11.4493598930828
7.12505900000001,0,5.30580092606276,8.65683308989187
7.150006,0,2.79252680319093,6.42281164733913
7.17500000000001,0,0.558505360638185,4.46804288510548
7.20002500000001,3.105,1.95476876223365,4.18879020478639
7.22504500000001,3.105,11.7286125734019,12.2871179340401
7.24997500000001,3.105,17.3136661797837,17.0344134994647
7.275053,3.105,19.8269403026556,19.5476876223365
7.300031,3.105,20.6646983436129,20.6646983436129
7.32499300000001,3.105,20.943951023932,21.5024563845701
7.350003,3.105,21.5024563845701,21.7817090648892
7.375077,3.105,21.223203704251,21.7817090648892
7.39999,0,20.943951023932,21.5024563845701
7.42502400000001,0,18.151424220741,19.5476876223365
7.44997500000001,0,14.8003920569119,16.7551608191456
7.47499000000001,0,11.7286125734019,13.9626340159546
7.49997400000001,3.105,10.0530964914873,12.8456232946783
7.525064,3.105,15.9174027781883,16.7551608191456
7.550061,3.105,18.7099295813792,18.9891822616983
7.57498000000001,3.105,20.3854456632938,20.6646983436129
7.60003400000001,0,20.3854456632938,21.223203704251
7.624966,0,17.5929188601028,18.7099295813792
7.64997700000001,0,14.5211393765928,16.1966554585074
7.675059,0,11.1701072127637,13.9626340159546
7.69998200000001,0,8.37758040957278,11.4493598930828
7.72498400000001,0,5.30580092606276,8.93608577021097
7.74996900000001,0,2.79252680319093,6.98131700797732
7.77502700000001,0,0.558505360638185,4.46804288510548
7.80001800000001,0,0,2.79252680319093
7.82501900000001,0,0,0.558505360638185
7.850008,0,0,0
7.87503000000001,0,0,0
7.90002800000001,0,0,0
7.92498300000001,0,0,0
7.95001500000001,0,0,0
7.97500100000001,0,0,0
7.999989,3.105,1.95476876223365,1.67551608191456
8.025018,3.105,11.7286125734019,10.8908545324446
8.05010800000001,3.105,17.3136661797837,16.4759081388265
8.075023,3.105,19.5476876223365,18.9891822616983
8.09997100000001,3.105,20.6646983436129,20.6646983436129
8.124983,3.105,21.223203704251,21.5024563845701
8.15003300000001,3.105,21.223203704251,21.5024563845701
8.174969,3.105,21.223203704251,21.7817090648892
8.200001,0,21.223203704251,21.5024563845701
8.224969,0,17.8721715404219,19.2684349420174
8.25003100000001,0,15.079644737231,16.7551608191456
8.27503200000001,0,11.7286125734019,14.2418866962737
8.30003400000001,3.105,10.3323491718064,12.8456232946783
8.32499100000001,3.105,15.9174027781883,16.7551608191456
8.34998900000001,3.105,18.9891822616983,19.2684349420174
8.375106,3.105,20.6646983436129,20.6646983436129
8.400104,0,20.3854456632938,20.943951023932
8.425037,0,17.8721715404219,18.9891822616983
8.450039,0,14.5211393765928,16.1966554585074
8.47501200000001,0,11.4493598930828,13.6833813356355
8.500015,3.105,10.3323491718064,12.2871179340401
8.525104,3.105,15.6381500978692,16.4759081388265
8.55004000000001,3.105,18.9891822616983,18.9891822616983
8.57505300000001,3.105,20.6646983436129,20.6646983436129
8.59998900000001,3.105,20.943951023932,21.223203704251
8.624987,3.105,21.223203704251,21.7817090648892
8.64998200000001,3.105,21.223203704251,21.7817090648892
8.67498000000001,3.105,21.5024563845701,22.0609617452083
8.700084,0,21.5024563845701,21.7817090648892
8.724974,0,18.151424220741,19.5476876223365
8.750101,0,15.3588974175501,17.3136661797837
8.77497700000001,0,12.007865253721,14.2418866962737
8.799999,3.105,10.3323491718064,13.1248759749974
8.82507600000001,3.105,15.9174027781883,16.7551608191456
8.85006200000001,3.105,18.9891822616983,19.2684349420174
8.874967,3.105,20.3854456632938,20.6646983436129
8.90002100000001,3.105,21.223203704251,21.5024563845701
8.92502500000001,3.105,21.223203704251,21.5024563845701
8.949973,3.105,21.5024563845701,21.7817090648892
8.97501700000001,3.105,21.5024563845701,22.0609617452083
9.00008000000001,3.105,21.5024563845701,22.0609617452083
9.025226,3.105,21.5024563845701,22.3402144255274
9.05005200000001,3.105,21.5024563845701,21.7817090648892
9.075045,3.105,21.223203704251,22.0609617452083
9.10002200000001,0,20.943951023932,21.7817090648892
9.12500700000001,0,18.151424220741,19.2684349420174
9.15001000000001,0,14.8003920569119,17.0344134994647
9.17504600000001,0,11.7286125734019,14.5211393765928
9.200051,0,8.65683308989187,12.007865253721
9.22507900000001,0,5.86430628670095,9.49459113084915
9.249966,0,3.35103216382911,7.26056968829641
9.27504,0,0.558505360638185,5.30580092606276
9.299998,0,0,3.07177948351002
9.325029,0,0,1.11701072127637
9.350115,0,0,0
9.37499800000001,0,0,0
9.40011600000001,0,0,0
9.42499100000001,0,0,0
9.449985,0,0,0
9.475003,0,0,0
9.500038,0,0,0
9.52503400000001,0,0,0
9.550066,0,0,0
9.57496400000001,0,0,0
9.599975,3.105,1.95476876223365,1.95476876223365
9.624999,3.105,12.007865253721,11.1701072127637
9.650091,3.105,17.3136661797837,16.4759081388265
9.67510300000001,3.105,19.5476876223365,19.5476876223365
9.70011700000001,0,20.1061929829747,20.1061929829747
9.725021,0,17.3136661797837,17.8721715404219
9.750021,0,14.2418866962737,15.6381500978692
9.77500400000001,0,11.1701072127637,13.1248759749974
9.800021,0,8.37758040957278,10.6116018521255
9.82506400000001,0,5.58505360638185,8.37758040957278
9.85005000000001,0,2.51327412287183,5.86430628670095
9.874988,0,0.558505360638185,4.18879020478639
9.89998100000001,0,0,1.67551608191456
9.92498000000001,0,0,0.279252680319093
9.95001900000001,0,0,0
9.97505100000001,0,0,0
10.000078,3.105,1.95476876223365,1.67551608191456
10.025015,3.105,11.7286125734019,10.8908545324446
10.05003,3.105,17.3136661797837,16.4759081388265
10.075045,3.105,19.8269403026556,19.2684349420174
10.100019,0,20.1061929829747,20.1061929829747
10.125061,0,17.3136661797837,18.151424220741
10.150031,0,14.2418866962737,15.6381500978692
10.174972,0,11.4493598930828,13.1248759749974
10.200074,3.105,9.49459113084915,11.4493598930828
10.225026,3.105,15.3588974175501,15.9174027781883
10.249992,3.105,18.7099295813792,18.7099295813792
10.27503,3.105,20.3854456632938,20.6646983436129
10.299992,3.105,20.6646983436129,21.223203704251
10.324974,3.105,21.223203704251,21.5024563845701
10.349983,3.105,21.5024563845701,22.0609617452083
10.374997,3.105,21.5024563845701,21.7817090648892
10.400038,3.105,21.5024563845701,22.3402144255274
10.424973,3.105,21.5024563845701,21.7817090648892
10.450047,3.105,21.5024563845701,22.3402144255274
10.475105,3.105,21.5024563845701,22.0609617452083
10.500092,3.105,21.5024563845701,22.0609617452083
10.525108,3.105,21.5024563845701,22.3402144255274
10.549994,3.105,21.223203704251,21.7817090648892
10.57499,3.105,21.5024563845701,22.0609617452083
10.599976,3.105,21.5024563845701,22.0609617452083
10.625057,3.105,21.5024563845701,22.3402144255274
10.649978,3.105,21.5024563845701,22.0609617452083
10.675056,3.105,21.5024563845701,22.0609617452083
10.699989,3.105,21.5024563845701,22.0609617452083
10.724973,3.105,21.223203704251,22.0609617452083
10.750025,3.105,21.5024563845701,22.0609617452083
10.775096,3.105,21.5024563845701,22.0609617452083
10.80009,3.105,21.5024563845701,22.3402144255274
10.825067,3.105,21.223203704251,21.7817090648892
10.85004,3.105,21.223203704251,22.0609617452083
10.874993,3.105,21.5024563845701,22.0609617452083
10.899992,0,21.223203704251,22.0609617452083
10.924987,0,18.4306769010601,19.8269403026556
10.95009,0,15.079644737231,17.0344134994647
10.974992,0,12.007865253721,14.8003920569119
11.000068,3.105,10.0530964914873,13.1248759749974
11.025014,3.105,15.6381500978692,16.4759081388265
11.050045,3.105,18.7099295813792,19.5476876223365
11.074976,3.105,20.1061929829747,20.3854456632938
11.100015,3.105,20.943951023932,21.5024563845701
11.125004,3.105,20.943951023932,21.5024563845701
11.149984,3.105,21.5024563845701,22.0609617452083
11.175061,3.105,21.223203704251,22.0609617452083
11.200035,3.105,21.5024563845701,22.0609617452083
11.224987,3.105,21.5024563845701,22.0609617452083
11.250054,3.105,21.5024563845701,22.0609617452083
11.275087,3.105,21.5024563845701,22.3402144255274
11.300082,3.105,21.5024563845701,22.0609617452083
11.325012,3.105,21.223203704251,22.0609617452083
11.350013,3.105,21.5024563845701,22.0609617452083
11.375012,3.105,21.5024563845701,22.0609617452083
11.399967,3.105,21.5024563845701,22.3402144255274
11.425075,3.105,21.5024563845701,22.0609617452083
11.45003,3.105,21.5024563845701,22.0609617452083
11.475031,3.105,21.223203704251,22.0609617452083
11.500025,3.105,21.5024563845701,22.0609617452083
11.524999,3.105,21.5024563845701,22.0609617452083
11.549974,3.105,21.223203704251,22.0609617452083
11.5751,3.105,21.5024563845701,22.0609617452083
11.599989,3.105,21.223203704251,22.0609617452083
11.624996,3.105,21.5024563845701,22.3402144255274
11.650052,3.105,21.5024563845701,22.0609617452083
11.674972,3.105,21.5024563845701,22.0609617452083
11.700045,0,20.943951023932,21.7817090648892
11.725077,0,18.151424220741,19.5476876223365
11.750075,0,14.8003920569119,17.0344134994647
11.775016,0,11.7286125734019,14.5211393765928
11.800033,3.105,10.0530964914873,12.5663706143592
11.825026,3.105,15.3588974175501,16.7551608191456
11.850001,3.105,18.7099295813792,18.9891822616983
11.875036,3.105,20.1061929829747,20.6646983436129
11.900046,3.105,20.943951023932,21.223203704251
11.92504,3.105,20.943951023932,21.5024563845701
11.949984,3.105,21.5024563845701,21.7817090648892
11.974989,3.105,21.223203704251,22.0609617452083
12.00001,0,20.943951023932,21.7817090648892
12.025015,0,18.151424220741,19.5476876223365
12.049983,0,14.8003920569119,16.7551608191456
12.075101,0,12.007865253721,14.5211393765928
12.100138,3.105,10.3323491718064,12.8456232946783
12.125086,3.105,15.6381500978692,16.7551608191456
12.150033,3.105,18.7099295813792,19.2684349420174
12.174976,3.105,20.3854456632938,20.3854456632938
12.200022,3.105,20.943951023932,21.5024563845701
12.225065,3.105,21.223203704251,21.7817090648892
12.250035,3.105,21.5024563845701,21.7817090648892
12.275068,3.105,21.5024563845701,22.0609617452083
12.299985,0,20.943951023932,21.7817090648892
12.325017,0,18.4306769010601,19.8269403026556
12.350039,0,15.079644737231,17.0344134994647
12.375083,0,12.2871179340401,14.5211393765928
12.399993,0,9.21533845053006,12.2871179340401
12.42503,0,6.42281164733913,9.77384381116824
12.450015,0,3.63028484414821,7.5398223686155
12.475005,0,1.11701072127637,5.58505360638185
12.500031,3.105,1.39626340159546,4.46804288510548
12.525045,3.105,11.1701072127637,11.7286125734019
12.55004,3.105,17.0344134994647,17.0344134994647
12.574975,3.105,19.2684349420174,19.5476876223365
12.600003,0,20.3854456632938,20.3854456632938
12.625013,0,17.5929188601028,18.7099295813792
12.649971,0,14.5211393765928,15.9174027781883
12.675025,0,11.4493598930828,13.4041286553165
12.700018,0,8.37758040957278,11.1701072127637
12.725009,0,5.86430628670095,8.93608577021097
12.750021,0,3.07177948351002,6.70206432765823
12.77498,0,0.837758040957278,4.46804288510548
12.799981,0,0,2.51327412287183
12.824967,0,0,0.279252680319093
12.850099,0,0,0
12.875091,0,0,0
12.900051,3.105,1.67551608191456,1.67551608191456
12.925084,3.105,11.7286125734019,11.1701072127637
12.949999,3.105,17.3136661797837,16.4759081388265
12.97501,3.105,19.5476876223365,19.2684349420174
13.000016,3.105,20.3854456632938,20.6646983436129
13.025037,3.105,21.223203704251,21.5024563845701
13.050116,3.105,21.223203704251,21.7817090648892
13.075035,3.105,21.223203704251,21.7817090648892
13.100047,3.105,21.5024563845701,22.0609617452083
13.125015,3.105,21.5024563845701,22.0609617452083
13.150045,3.105,21.5024563845701,22.3402144255274
13.175004,3.105,21.5024563845701,22.0609617452083
13.20002,3.105,21.5024563845701,22.0609617452083
13.224989,3.105,21.5024563845701,22.0609617452083
13.250098,3.105,21.5024563845701,22.3402144255274
13.274976,3.105,21.5024563845701,22.0609617452083
13.300006,0,20.943951023932,21.7817090648892
13.325017,0,18.151424220741,19.8269403026556
13.350006,0,15.079644737231,17.0344134994647
13.375124,0,12.007865253721,14.5211393765928
13.400109,0,8.93608577021097,12.2871179340401
13.425044,0,6.14355896702004,9.77384381116824
13.450041,0,3.35103216382911,7.5398223686155
13.475006,0,0.837758040957278,5.30580092606276
13.499982,3.105,1.95476876223365,5.02654824574367
13.525081,3.105,12.007865253721,12.5663706143592
13.55001,3.105,17.3136661797837,17.0344134994647
13.575059,3.105,19.5476876223365,19.8269403026556
13.599979,3.105,20.3854456632938,20.6646983436129
13.625024,3.105,21.223203704251,21.5024563845701
13.649961,3.105,21.223203704251,21.5024563845701
13.67509,3.105,21.5024563845701,22.0609617452083
13.700118,0,21.223203704251,21.7817090648892
13.72506,0,17.8721715404219,19.5476876223365
13.750031,0,15.079644737231,16.7551608191456
13.775002,0,12.007865253721,14.5211393765928
13.800046,3.105,10.6116018521255,13.1248759749974
13.825102,3.105,15.6381500978692,17.0344134994647
13.850106,3.105,18.9891822616983,19.2684349420174
13.875012,3.105,20.3854456632938,20.6646983436129
13.900043,0,20.6646983436129,21.223203704251
13.925025,0,17.8721715404219,18.9891822616983
13.95001,0,14.8003920569119,16.4759081388265
13.975009,0,11.7286125734019,14.2418866962737
14.000035,3.105,10.3323491718064,12.5663706143592
14.02504,3.105,15.6381500978692,16.7551608191456
14.050021,3.105,18.9891822616983,18.9891822616983
14.074995,3.105,20.3854456632938,20.6646983436129
14.100017,3.105,20.943951023932,21.5024563845701
14.12497,3.105,21.223203704251,21.7817090648892
14.149986,3.105,21.223203704251,22.0609617452083
14.175112,3.105,21.7817090648892,22.0609617452083
14.200102,3.105,21.223203704251,22.3402144255274
14.225016,3.105,21.5024563845701,22.0609617452083
14.250012,3.105,21.5024563845701,22.0609617452083
14.275016,3.105,21.5024563845701,22.0609617452083
14.300026,0,20.943951023932,22.0609617452083
14.325089,0,18.151424220741,19.5476876223365
14.350041,0,14.8003920569119,17.0344134994647
14.374986,0,12.007865253721,14.8003920569119
14.400001,0,8.93608577021097,12.007865253721
14.424993,0,6.14355896702004,10.0530964914873
14.449965,0,3.35103216382911,7.5398223686155
14.474988,0,0.837758040957278,5.58505360638185
14.499994,3.105,1.95476876223365,5.02654824574367
14.524994,3.105,12.007865253721,12.5663706143592
14.550074,3.105,17.3136661797837,17.3136661797837
14.57504,3.105,19.5476876223365,19.8269403026556
14.600043,3.105,20.3854456632938,20.943951023932
14.625082,3.105,21.223203704251,21.7817090648892
14.650058,3.105,21.223203704251,21.7817090648892
14.67502,3.105,21.5024563845701,22.0609617452083
14.700092,0,20.943951023932,21.7817090648892
14.725032,0,18.151424220741,19.5476876223365
14.750016,0,15.079644737231,17.0344134994647
14.774985,0,12.007865253721,14.5211393765928
14.800048,3.105,10.3323491718064,13.4041286553165
14.825036,3.105,15.9174027781883,16.7551608191456
14.849991,3.105,18.7099295813792,19.5476876223365
14.87502,3.105,20.6646983436129,20.6646983436129
14.899977,3.105,20.943951023932,21.5024563845701
14.924979,3.105,21.223203704251,21.7817090648892
14.950098,3.105,21.5024563845701,22.0609617452083
14.975104,3.105,21.5024563845701,22.0609617452083
15.000122,0,21.223203704251,22.0609617452083
15.025036,0,18.151424220741,19.8269403026556
15.05002,0,15.3588974175501,17.3136661797837
15.075007,0,12.2871179340401,14.8003920569119
15.10003,0,9.21533845053006,12.5663706143592
15.125084,0,6.70206432765823,10.0530964914873
15.150039,0,3.63028484414821,7.8190750489346
15.175026,0,1.11701072127637,5.58505360638185
15.199991,0,0,3.63028484414821
15.225011,0,0,1.39626340159546
15.249973,0,0,0
15.274982,0,0,0
15.299986,3.105,1.95476876223365,1.95476876223365
15.325062,3.105,11.7286125734019,10.8908545324446
15.35008,3.105,17.3136661797837,16.7551608191456
15.374988,3.105,19.5476876223365,19.2684349420174
15.399971,3.105,20.6646983436129,20.943951023932
15.425067,3.105,21.223203704251,21.5024563845701
15.450049,3.105,21.223203704251,21.7817090648892
15.475043,3.105,21.5024563845701,22.0609617452083
15.500032,3.105,21.5024563845701,22.3402144255274
15.525034,3.105,21.5024563845701,22.0609617452083
15.549982,3.105,21.5024563845701,22.0609617452083
15.575,3.105,21.223203704251,22.3402144255274
15.599998,3.105,21.5024563845701,22.0609617452083
15.624973,3.105,21.5024563845701,22.3402144255274
15.650026,3.105,21.5024563845701,22.0609617452083
15.674986,3.105,21.5024563845701,22.3402144255274
15.699972,0,20.943951023932,21.7817090648892
15.724984,0,18.151424220741,19.8269403026556
15.750083,0,15.079644737231,17.0344134994647
15.775095,0,12.007865253721,14.8003920569119
15.800082,0,8.93608577021097,12.2871179340401
15.825017,0,6.14355896702004,10.0530964914873
15.850006,0,3.63028484414821,7.5398223686155
15.87499,0,0.837758040957278,5.58505360638185
15.900059,0,0,3.35103216382911
15.92505,0,0,1.39626340159546
15.950025,0,0,0
15.975063,0,0,0
16.000042,0,0,0
16.025007,0,0,0
16.050033,0,0,0
16.075058,0,0,0
16.10006,3.105,1.95476876223365,1.95476876223365
16.125033,3.105,11.7286125734019,10.8908545324446
16.150072,3.105,17.0344134994647,16.7551608191456
16.175006,3.105,19.5476876223365,19.2684349420174
16.200016,0,20.1061929829747,20.3854456632938
16.225064,0,17.5929188601028,18.4306769010601
16.250045,0,14.2418866962737,15.9174027781883
16.274968,0,11.4493598930828,13.1248759749974
16.300044,0,8.37758040957278,11.1701072127637
16.325018,0,5.58505360638185,8.65683308989187
16.350039,0,3.07177948351002,6.42281164733913
16.375001,0,0.558505360638185,4.46804288510548
16.400054,3.105,1.39626340159546,3.63028484414821
16.424999,3.105,11.4493598930828,11.4493598930828
16.450029,3.105,17.0344134994647,17.0344134994647
16.475083,3.105,19.5476876223365,19.8269403026556
16.500041,3.105,20.3854456632938,20.6646983436129
16.525028,3.105,21.223203704251,21.7817090648892
16.550047,3.105,21.223203704251,21.7817090648892
16.575059,3.105,21.5024563845701,22.0609617452083
16.600049,0,21.223203704251,21.7817090648892
16.625044,0,18.4306769010601,19.8269403026556
16.65002,0,15.079644737231,17.3136661797837
16.675018,0,12.5663706143592,14.8003920569119
16.700002,3.105,10.3323491718064,13.1248759749974
16.725024,3.105,15.6381500978692,16.7551608191456
16.750112,3.105,18.9891822616983,19.5476876223365
16.775001,3.105,20.3854456632938,20.6646983436129
16.800049,0,20.6646983436129,21.223203704251
16.825022,0,17.5929188601028,18.9891822616983
16.84999,0,14.8003920569119,16.7551608191456
16.87502,0,11.7286125734019,13.9626340159546
16.90001,0,8.93608577021097,11.7286125734019
16.925026,0,5.86430628670095,9.49459113084915
16.950054,0,3.35103216382911,7.26056968829641
16.975045,0,0.837758040957278,5.02654824574367
16.999995,3.105,1.39626340159546,3.9095375244673
17.025007,3.105,11.1701072127637,11.4493598930828
17.049993,3.105,16.7551608191456,17.0344134994647
17.075124,3.105,19.5476876223365,19.5476876223365
17.100102,0,19.8269403026556,20.6646983436129
17.125039,0,17.3136661797837,18.4306769010601
17.150017,0,13.9626340159546,15.9174027781883
17.175,0,11.1701072127637,13.4041286553165
17.199983,0,8.09832772925369,11.1701072127637
17.225084,0,5.58505360638185,8.93608577021097
17.25,0,2.79252680319093,6.70206432765823
17.275002,0,0.558505360638185,4.46804288510548
17.299984,3.105,1.67551608191456,4.18879020478639
17.324987,3.105,11.7286125734019,12.2871179340401
17.350043,3.105,17.3136661797837,17.0344134994647
17.375078,3.105,19.5476876223365,19.8269403026556
17.399991,3.105,20.3854456632938,20.943951023932
17.425033,3.105,21.223203704251,21.5024563845701
17.450032,3.105,21.223203704251,21.7817090648892
17.475025,3.105,21.223203704251,22.3402144255274
17.50001,0,21.223203704251,21.7817090648892
17.525072,0,18.4306769010601,19.8269403026556
17.550064,0,15.3588974175501,17.0344134994647
17.575045,0,12.007865253721,14.8003920569119
17.600065,3.105,10.6116018521255,13.4041286553165
17.625034,3.105,15.9174027781883,16.7551608191456
17.650005,3.105,18.7099295813792,19.5476876223365
17.675044,3.105,20.3854456632938,20.943951023932
17.700055,3.105,20.943951023932,21.7817090648892
17.725036,3.105,21.223203704251,21.7817090648892
17.750005,3.105,21.223203704251,22.0609617452083
17.775101,3.105,21.7817090648892,22.0609617452083
17.799967,0,20.943951023932,21.7817090648892
17.825001,0,18.151424220741,19.8269403026556
17.850079,0,15.3588974175501,17.0344134994647
17.875093,0,12.007865253721,14.8003920569119
17.900066,0,9.21533845053006,12.2871179340401
17.925082,0,6.42281164733913,9.77384381116824
17.949995,0,3.63028484414821,7.8190750489346
18.052609,0,1.39626340159546,10.0530964914873
18.075073,0,0,0
18.100041,0,3.63028484414821,3.63028484414821
18.12506,0,3.35103216382911,3.35103216382911
18.150002,0,0.558505360638185,1.39626340159546
18.17499,0,0,0
18.200035,3.105,1.95476876223365,1.67551608191456
18.224992,3.105,12.007865253721,11.4493598930828
18.250093,3.105,17.3136661797837,16.7551608191456
18.274966,3.105,19.2684349420174,19.5476876223365
18.3001,0,20.3854456632938,20.3854456632938
18.324995,0,17.5929188601028,18.4306769010601
18.350002,0,14.2418866962737,15.9174027781883
18.374978,0,11.4493598930828,13.6833813356355
18.40002,3.105,10.0530964914873,12.007865253721
18.42502,3.105,15.6381500978692,16.4759081388265
18.450054,3.105,18.9891822616983,19.2684349420174
18.475013,3.105,20.3854456632938,20.6646983436129
18.499996,3.105,20.943951023932,21.5024563845701
18.525009,3.105,21.223203704251,21.7817090648892
18.549991,3.105,21.5024563845701,22.0609617452083
18.575114,3.105,21.5024563845701,22.0609617452083
18.600094,0,20.943951023932,22.0609617452083
18.625052,0,18.4306769010601,19.5476876223365
18.649976,0,15.3588974175501,17.3136661797837
18.674997,0,12.007865253721,14.8003920569119
18.699977,0,9.49459113084915,12.2871179340401
18.725086,0,6.42281164733913,10.0530964914873
18.75005,0,3.9095375244673,7.8190750489346
18.775005,0,1.11701072127637,5.58505360638185
18.799982,3.105,1.39626340159546,4.74729556542458
18.824978,3.105,11.4493598930828,12.007865253721
18.850016,3.105,17.0344134994647,17.3136661797837
18.87508,3.105,19.5476876223365,19.8269403026556
18.899982,0,20.1061929829747,20.6646983436129
18.924992,0,17.5929188601028,18.7099295813792
18.95008,0,14.5211393765928,16.1966554585074
18.974984,0,11.7286125734019,13.6833813356355
19.000019,0,8.65683308989187,11.4493598930828
19.025037,0,5.86430628670095,8.93608577021097
19.050037,0,3.07177948351002,6.98131700797732
19.075008,0,0.837758040957278,4.74729556542458
19.099999,3.105,1.95476876223365,4.46804288510548
19.125021,3.105,12.007865253721,12.2871179340401
19.149979,3.105,17.3136661797837,17.3136661797837
19.175026,3.105,19.5476876223365,19.5476876223365
19.200014,0,20.1061929829747,20.6646983436129
19.225032,0,17.5929188601028,18.7099295813792
19.250041,0,14.5211393765928,16.1966554585074
19.275035,0,11.4493598930828,13.6833813356355
19.300014,3.105,10.0530964914873,12.5663706143592
19.325008,3.105,15.6381500978692,16.4759081388265
19.350063,3.105,18.7099295813792,19.2684349420174
19.375062,3.105,20.3854456632938,20.6646983436129
19.400061,3.105,20.943951023932,21.5024563845701
19.425013,3.105,21.223203704251,21.7817090648892
19.449975,3.105,21.223203704251,22.0609617452083
19.474995,3.105,21.5024563845701,22.0609617452083
19.49997,0,21.223203704251,21.7817090648892
19.525015,0,18.151424220741,19.8269403026556
19.550112,0,15.079644737231,17.0344134994647
19.575042,0,12.007865253721,14.8003920569119
19.600057,0,8.93608577021097,12.2871179340401
19.625024,0,6.42281164733913,9.77384381116824
19.650045,0,3.63028484414821,7.8190750489346
19.674996,0,1.11701072127637,5.58505360638185
19.700052,0,0,3.35103216382911
19.725026,0,0,1.39626340159546
19.750068,0,0,0
19.775036,0,0,0
19.800048,0,0,0
19.825005,0,0,0
19.850006,0,0,0
19.87513,0,0,0
19.900108,3.105,1.67551608191456,1.67551608191456
19.925006,3.105,11.4493598930828,10.8908545324446
19.95001,3.105,17.3136661797837,16.7551608191456
19.975038,3.105,19.5476876223365,19.5476876223365
20.000029,3.105,20.3854456632938,20.6646983436129
20.025061,3.105,21.223203704251,21.5024563845701
20.049966,3.105,21.223203704251,21.7817090648892
20.075027,3.105,21.5024563845701,22.0609617452083
20.099976,3.105,21.5024563845701,22.0609617452083
20.125021,3.105,21.7817090648892,22.3402144255274
20.149977,3.105,21.223203704251,22.0609617452083
20.175104,3.105,21.7817090648892,22.3402144255274
20.200111,3.105,21.5024563845701,22.0609617452083
20.225068,3.105,21.5024563845701,22.0609617452083
20.250078,3.105,21.5024563845701,22.3402144255274
20.274978,3.105,21.223203704251,22.0609617452083
20.300046,3.105,21.5024563845701,22.0609617452083
20.325079,3.105,21.5024563845701,22.3402144255274
20.350074,3.105,21.5024563845701,22.3402144255274
20.37499,3.105,21.5024563845701,22.0609617452083
20.400058,3.105,21.5024563845701,22.3402144255274
20.424974,3.105,21.223203704251,22.0609617452083
20.449994,3.105,21.5024563845701,22.3402144255274
20.474984,3.105,21.223203704251,22.3402144255274
20.499986,0,21.223203704251,21.7817090648892
20.524971,0,18.151424220741,19.5476876223365
20.550044,0,14.8003920569119,17.3136661797837
20.574963,0,12.007865253721,14.5211393765928
20.600011,3.105,10.3323491718064,13.4041286553165
20.624999,3.105,15.6381500978692,16.7551608191456
20.65009,3.105,18.9891822616983,19.5476876223365
20.675115,3.105,20.3854456632938,20.943951023932
20.700039,0,20.3854456632938,20.943951023932
20.725121,0,17.8721715404219,18.9891822616983
20.750003,0,14.5211393765928,16.1966554585074
20.774971,0,11.7286125734019,13.9626340159546
20.799974,0,8.65683308989187,11.7286125734019
20.82506,0,6.14355896702004,9.49459113084915
20.84998,0,3.35103216382911,6.98131700797732
20.874974,0,0.837758040957278,4.74729556542458
20.90003,0,0,2.79252680319093
20.925018,0,0,1.11701072127637
20.949988,0,0,0
20.975053,0,0,0
21.000075,0,0,0
21.024998,0,0,0
21.050092,0,0,0
21.07501,0,0,0
21.099986,0,0,0
21.125068,0,0,0
21.150046,0,0,0
21.174984,0,0,0
21.200039,0,0,0
21.225027,0,0,0
21.24997,0,0,0
21.275014,0,0,0
21.299973,3.105,1.67551608191456,1.67551608191456
21.32497,3.105,11.7286125734019,10.8908545324446
21.349997,3.105,17.3136661797837,16.4759081388265
21.375039,3.105,19.5476876223365,19.5476876223365
21.400021,0,20.1061929829747,20.1061929829747
21.42498,0,17.3136661797837,18.4306769010601
21.450052,0,14.2418866962737,15.9174027781883
21.475078,0,11.4493598930828,13.4041286553165
21.500045,3.105,9.77384381116824,12.007865253721
21.525081,3.105,15.3588974175501,16.1966554585074
21.549994,3.105,18.4306769010601,18.9891822616983
21.575043,3.105,20.3854456632938,20.6646983436129
21.600032,3.105,21.223203704251,21.5024563845701
21.625044,3.105,21.223203704251,21.7817090648892
21.65012,3.105,21.5024563845701,22.0609617452083
21.674971,3.105,21.223203704251,21.7817090648892
21.70004,0,21.223203704251,21.7817090648892
21.725002,0,18.151424220741,19.5476876223365
21.749974,0,15.079644737231,17.0344134994647
21.775015,0,12.2871179340401,14.8003920569119
21.800025,3.105,10.6116018521255,13.1248759749974
21.825038,3.105,15.9174027781883,17.0344134994647
21.850057,3.105,18.9891822616983,19.2684349420174
21.874975,3.105,20.3854456632938,20.943951023932
21.900015,3.105,21.223203704251,21.5024563845701
21.925021,3.105,21.223203704251,21.7817090648892
21.949992,3.105,21.5024563845701,22.0609617452083
21.975114,3.105,21.7817090648892,22.3402144255274
22.000117,0,21.223203704251,21.7817090648892
22.025041,0,18.4306769010601,19.8269403026556
22.049984,0,15.3588974175501,17.0344134994647
22.075034,0,12.2871179340401,14.8003920569119
22.099987,0,9.49459113084915,12.5663706143592
22.125089,0,6.70206432765823,10.0530964914873
22.150006,0,3.9095375244673,7.8190750489346
22.175014,0,1.39626340159546,5.58505360638185
22.200027,0,0,3.63028484414821
22.224988,0,0,1.39626340159546
22.250041,0,0,0.279252680319093
22.275087,0,0,0
22.300059,3.105,1.95476876223365,1.67551608191456
22.325046,3.105,11.7286125734019,11.1701072127637
22.350062,3.105,17.3136661797837,16.4759081388265
22.374991,3.105,19.5476876223365,19.5476876223365
22.400031,3.105,20.6646983436129,20.6646983436129
22.424992,3.105,20.943951023932,21.5024563845701
22.450078,3.105,21.5024563845701,22.0609617452083
22.474968,3.105,21.5024563845701,21.7817090648892
22.500073,0,21.223203704251,22.0609617452083
22.524974,0,18.7099295813792,19.8269403026556
22.550019,0,15.3588974175501,17.3136661797837
22.574993,0,12.5663706143592,14.8003920569119
