t,u,wl,wr
0,0,0,0
0.0501380000000005,0,0,0
0.100041000000001,0,0,0
0.150019,0,0,0
0.200021,0,0,0
0.250125000000001,0,0,0
0.300071000000001,0,0,0
0.350037,0,0,0
0.400030000000001,0,0,0
0.450099,0,0,0
0.500016,0,0,0
0.550049,3.105,5.86430628670095,5.44542726622231
0.600006,3.105,17.3136661797837,16.1966554585074
0.650022,3.105,19.2684349420174,19.4080612821769
0.700117000000001,3.105,20.1061929829747,20.2458193231342
0.750019,3.105,20.3854456632938,20.5250720034533
0.800022999999999,3.105,20.2458193231342,20.8043246837724
0.850012,3.105,20.3854456632938,20.8043246837724
0.899996,3.105,20.6646983436129,20.943951023932
0.950012000000001,3.105,20.5250720034533,21.0835773640915
1.000087,3.105,20.6646983436129,20.943951023932
1.050012,0,18.8495559215388,19.5476876223365
1.100055,0,11.4493598930828,13.543754995476
1.150129,0,4.74729556542458,7.5398223686155
1.200094,0,0.279252680319093,2.37364778271229
1.250011,0,0,0
1.3,0,0,0
1.350107,0,0,0
1.400051,0,0,0
1.450039,0,0,0
1.499977,0,0,0
1.54998,0,0,0
1.6,0,0,0
1.650055,0,0,0
1.700025,0,0,0
1.750045,0,0,0
1.800019,0,0,0
1.850047,0,0,0
1.899994,0,0,0
1.949973,0,0,0
2.000034,0,0,0
2.050019,3.105,6.14355896702004,5.30580092606276
2.100075,3.105,17.4532925199433,16.7551608191456
2.150013,3.105,19.4080612821769,19.5476876223365
2.199996,3.105,20.2458193231342,20.6646983436129
2.250035,3.105,20.3854456632938,20.8043246837724
2.300037,3.105,20.5250720034533,20.8043246837724
2.349984,3.105,20.5250720034533,20.943951023932
2.399976,3.105,20.5250720034533,21.0835773640915
2.450023,3.105,20.6646983436129,21.0835773640915
2.500117,3.105,20.8043246837724,21.0835773640915
2.550089,0,18.8495559215388,19.4080612821769
2.600009,0,11.5889862332423,13.543754995476
2.649998,0,4.74729556542458,7.5398223686155
2.70001,0,0.279252680319093,2.37364778271229
2.750048,0,0,0
2.800007,0,0,0
2.850048,0,0,0
2.900021,0,0,0
2.950116,0,0,0
3.000116,0,0,0
3.05004,0,0,0
3.100061,0,0,0
3.150036,0,0,0
3.200039,0,0,0
3.249973,0,0,0
3.300042,0,0,0
3.350018,0,0,0
3.400119,0,0,0
3.450039,0,0,0
3.499987,0,0,0
3.550015,3.105,6.00393262686049,5.44542726622231
3.600049,3.105,17.1740398396242,16.615534478986
3.65006,3.105,19.5476876223365,19.5476876223365
3.700041,3.105,20.2458193231342,20.5250720034533
3.749981,3.105,20.2458193231342,20.8043246837724
3.800041,3.105,20.5250720034533,20.943951023932
3.850134,3.105,20.5250720034533,21.0835773640915
3.900024,3.105,20.6646983436129,20.943951023932
3.950027,3.105,20.6646983436129,21.0835773640915
4.000063,3.105,20.6646983436129,21.223203704251
4.050031,3.105,20.5250720034533,21.223203704251
4.100068,3.105,20.6646983436129,21.223203704251
4.149977,3.105,20.5250720034533,21.223203704251
4.200031,3.105,20.5250720034533,21.223203704251
4.249982,3.105,20.6646983436129,21.223203704251
4.300003,3.105,20.6646983436129,21.3628300444106
4.349976,3.105,20.6646983436129,21.223203704251
4.400023,3.105,20.6646983436129,21.3628300444106
4.450042,3.105,20.6646983436129,21.3628300444106
4.500077,3.105,20.6646983436129,21.3628300444106
4.550134,3.105,20.8043246837724,21.223203704251
4.599996,3.105,20.6646983436129,21.223203704251
4.650037,3.105,20.8043246837724,21.223203704251
4.700035,3.105,20.8043246837724,21.223203704251
4.749991,3.105,20.8043246837724,21.3628300444106
4.800081,3.105,20.943951023932,21.3628300444106
4.849977,3.105,20.8043246837724,21.3628300444106
4.900038,3.105,20.8043246837724,21.3628300444106
4.950036,3.105,20.943951023932,21.223203704251
5.000047,3.105,20.8043246837724,21.3628300444106
5.049985,3.105,20.943951023932,21.3628300444106
5.100002,3.105,20.8043246837724,21.223203704251
5.150083,3.105,20.943951023932,21.5024563845701
5.199997,3.105,20.943951023932,21.223203704251
5.250079,3.105,20.8043246837724,21.3628300444106
5.299976,3.105,20.8043246837724,21.3628300444106
5.350044,3.105,20.943951023932,21.3628300444106
5.400073,3.105,20.943951023932,21.3628300444106
5.450004,3.105,20.943951023932,21.3628300444106
5.500032,3.105,21.0835773640915,21.3628300444106
5.550004,3.105,20.943951023932,21.223203704251
5.600023,3.105,21.0835773640915,21.3628300444106
5.650013,3.105,21.0835773640915,21.3628300444106
5.700001,3.105,20.943951023932,21.3628300444106
5.750007,3.105,21.0835773640915,21.5024563845701
5.800058,3.105,20.943951023932,21.3628300444106
5.850059,3.105,20.8043246837724,21.3628300444106
5.900001,3.105,20.943951023932,21.3628300444106
5.950008,3.105,20.8043246837724,21.5024563845701
6.000004,3.105,20.8043246837724,21.3628300444106
6.049992,0,18.7099295813792,19.687313962496
6.099978,0,11.4493598930828,13.6833813356355
6.150005,0,4.60766922526503,7.95870138909414
6.200024,0,0.139626340159546,2.65290046303138
6.250061,0,0,0
6.300072,0,0,0
6.349975,0,0,0
6.400034,0,0,0
6.450025,0,0,0
6.500094,0,0,0
6.550054,3.105,6.00393262686049,5.30580092606276
6.60004,3.105,17.1740398396242,16.615534478986
6.650035,3.105,19.5476876223365,19.687313962496
6.699993,3.105,20.2458193231342,20.6646983436129
6.750099,3.105,20.5250720034533,20.943951023932
6.800025,3.105,20.3854456632938,20.943951023932
6.850016,3.105,20.6646983436129,21.223203704251
6.900031,3.105,20.6646983436129,21.223203704251
6.950078,3.105,20.6646983436129,21.3628300444106
6.999998,3.105,20.6646983436129,21.3628300444106
7.049997,0,18.7099295813792,19.8269403026556
7.100017,0,11.4493598930828,14.1022603561142
7.150075,0,4.74729556542458,8.23795406941323
7.200145,0,0.279252680319093,2.93215314335047
7.250052,0,0,0
7.300008,0,0,0
7.349997,0,0,0
7.400013,0,0,0
7.450052,0,0,0
7.500011,0,0,0
7.550042,3.105,5.86430628670095,5.30580092606276
7.600066,3.105,17.3136661797837,16.4759081388265
7.649998,3.105,19.5476876223365,19.8269403026556
7.699995,3.105,20.1061929829747,20.8043246837724
7.749975,3.105,20.3854456632938,21.0835773640915
7.800026,3.105,20.5250720034533,21.223203704251
7.850054,3.105,20.6646983436129,21.3628300444106
7.899992,3.105,20.5250720034533,21.3628300444106
7.950008,3.105,20.8043246837724,21.3628300444106
7.999999,3.105,20.8043246837724,21.5024563845701
8.049998,0,18.7099295813792,19.9665666428151
8.100059,0,11.4493598930828,13.9626340159546
8.150005,0,4.74729556542458,8.23795406941323
8.200042,0,0.279252680319093,2.93215314335047
8.250037,0,0,0
8.300057,0,0,0
8.35006,0,0,0
8.399972,0,0,0
8.449989,0,0,0
8.500026,0,0,0
8.550071,0,0,0
8.600085,0,0,0
8.650026,0,0,0
8.699978,0,0,0
8.750059,0,0,0
8.800032,0,0,0
8.85002,0,0,0
8.900036,0,0,0
8.950026,0,0,0
9.000131,0,0,0
9.050045,0,0,0
9.100003,0,0,0
9.150015,0,0,0
9.200052,0,0,0
9.250045,0,0,0
9.299984,0,0,0
9.350022,0,0,0
9.40002,0,0,0
9.450104,0,0,0
9.500121,0,0,0
9.550036,3.105,6.00393262686049,5.44542726622231
9.600025,3.105,17.1740398396242,16.7551608191456
9.650037,3.105,19.5476876223365,19.8269403026556
9.699989,3.105,20.1061929829747,20.6646983436129
9.749974,3.105,20.5250720034533,20.943951023932
9.80005,3.105,20.5250720034533,21.223203704251
9.850014,3.105,20.6646983436129,21.0835773640915
9.900112,3.105,20.8043246837724,21.3628300444106
9.950042,3.105,20.6646983436129,21.3628300444106
9.999976,3.105,20.8043246837724,21.3628300444106
10.050001,3.105,20.6646983436129,21.3628300444106
10.100055,3.105,20.943951023932,21.3628300444106
10.150031,3.105,20.8043246837724,21.3628300444106
10.19999,3.105,20.8043246837724,21.3628300444106
10.24999,3.105,20.8043246837724,21.5024563845701
10.30001,3.105,20.943951023932,21.3628300444106
10.350098,3.105,20.8043246837724,21.3628300444106
10.400023,3.105,20.8043246837724,21.5024563845701
10.449997,3.105,20.8043246837724,21.3628300444106
10.499986,3.105,20.943951023932,21.5024563845701
10.550009,0,18.8495559215388,19.9665666428151
10.600058,0,11.7286125734019,14.2418866962737
10.650012,0,4.88692190558412,8.23795406941323
10.700016,0,0.279252680319093,2.93215314335047
10.750027,0,0,0
10.799986,0,0,0
10.849985,0,0,0
10.900031,0,0,0
10.950034,0,0,0
11.000027,0,0,0
11.050084,3.105,5.7246799465414,5.30580092606276
11.100021,3.105,17.1740398396242,16.7551608191456
11.150013,3.105,19.687313962496,19.8269403026556
11.200077,3.105,20.2458193231342,20.8043246837724
11.250123,3.105,20.3854456632938,21.0835773640915
11.300061,3.105,20.6646983436129,21.223203704251
11.350048,3.105,20.6646983436129,21.223203704251
11.400034,3.105,20.8043246837724,21.3628300444106
11.450115,3.105,20.8043246837724,21.3628300444106
11.499997,3.105,20.6646983436129,21.5024563845701
11.550019,3.105,20.943951023932,21.3628300444106
11.600045,3.105,20.8043246837724,21.5024563845701
11.650079,3.105,20.8043246837724,21.5024563845701
11.700036,3.105,20.8043246837724,21.3628300444106
11.750077,3.105,20.943951023932,21.5024563845701
11.799977,3.105,20.8043246837724,21.5024563845701
11.85004,3.105,20.8043246837724,21.5024563845701
11.900046,3.105,20.8043246837724,21.5024563845701
11.949989,3.105,20.8043246837724,21.3628300444106
12.000003,3.105,20.943951023932,21.5024563845701
12.050044,3.105,20.8043246837724,21.3628300444106
12.100108,3.105,20.943951023932,21.5024563845701
12.150022,3.105,20.943951023932,21.5024563845701
12.200007,3.105,20.943951023932,21.5024563845701
12.249978,3.105,20.8043246837724,21.3628300444106
12.300037,3.105,20.943951023932,21.5024563845701
12.350061,3.105,20.943951023932,21.5024563845701
12.400071,3.105,20.8043246837724,21.5024563845701
12.450034,3.105,20.943951023932,21.3628300444106
12.499984,3.105,20.8043246837724,21.5024563845701
12.549986,0,19.1288086018579,19.9665666428151
12.600028,0,11.8682389135614,14.1022603561142
12.650091,0,5.16617458590322,8.09832772925369
12.699979,0,0.279252680319093,2.93215314335047
12.749996,0,0,0.139626340159546
12.800082,0,0,0
12.849987,0,0,0
12.900043,0,0,0
12.950013,0,0,0
13.000079,0,0,0
13.050059,0,0,0
13.099974,0,0,0
13.149995,0,0,0
13.199977,0,0,0
13.250095,0,0,0
13.300019,0,0,0
13.350016,0,0,0
13.40005,0,0,0
13.45007,0,0,0
13.499987,0,0,0
13.550007,3.105,6.00393262686049,5.30580092606276
13.599994,3.105,17.3136661797837,16.7551608191456
13.650004,3.105,19.5476876223365,19.8269403026556
13.700065,3.105,19.9665666428151,20.6646983436129
13.750052,3.105,20.3854456632938,21.0835773640915
13.799977,3.105,20.5250720034533,21.0835773640915
13.850042,3.105,20.8043246837724,21.3628300444106
13.900108,3.105,20.6646983436129,21.223203704251
13.949988,3.105,20.8043246837724,21.3628300444106
14.00005,3.105,20.8043246837724,21.3628300444106
14.049979,3.105,20.8043246837724,21.3628300444106
14.100084,3.105,20.943951023932,21.6420827247297
14.15013,3.105,20.8043246837724,21.5024563845701
14.2001,3.105,20.943951023932,21.3628300444106
14.250041,3.105,20.8043246837724,21.5024563845701
14.300007,3.105,20.8043246837724,21.5024563845701
14.349997,3.105,20.8043246837724,21.5024563845701
14.400009,3.105,20.8043246837724,21.3628300444106
14.449975,3.105,20.8043246837724,21.5024563845701
14.499982,3.105,20.8043246837724,21.3628300444106
14.549992,0,18.8495559215388,20.1061929829747
14.600025,0,11.5889862332423,14.1022603561142
14.649999,0,4.74729556542458,8.37758040957278
14.700016,0,0.139626340159546,2.93215314335047
14.750067,0,0,0.139626340159546
14.800071,0,0,0
14.849994,0,0,0
14.900028,0,0,0
14.949987,0,0,0
15.000052,0,0,0
15.050042,3.105,6.14355896702004,5.44542726622231
15.100059,3.105,17.1740398396242,16.7551608191456
15.149993,3.105,19.5476876223365,19.8269403026556
15.200062,3.105,20.1061929829747,20.8043246837724
15.25004,3.105,20.2458193231342,21.0835773640915
15.300013,3.105,20.5250720034533,21.0835773640915
15.35003,3.105,20.6646983436129,21.3628300444106
15.400003,3.105,20.6646983436129,21.3628300444106
15.450043,3.105,20.8043246837724,21.5024563845701
15.500112,3.105,20.6646983436129,21.5024563845701
15.550074,3.105,20.6646983436129,21.3628300444106
15.652636,3.105,42.7256600888212,44.1219234904166
15.700028,3.105,19.687313962496,20.3854456632938
15.750007,3.105,20.8043246837724,21.6420827247297
15.800065,3.105,20.8043246837724,21.6420827247297
15.849997,3.105,20.8043246837724,21.5024563845701
15.900042,3.105,20.943951023932,21.6420827247297
15.950038,3.105,20.8043246837724,21.6420827247297
15.999993,3.105,20.943951023932,21.3628300444106
16.05001,3.105,20.943951023932,21.5024563845701
16.099998,3.105,20.943951023932,21.3628300444106
16.150096,3.105,21.0835773640915,21.5024563845701
16.199997,3.105,20.8043246837724,21.5024563845701
16.249976,3.105,21.0835773640915,21.3628300444106
16.30001,3.105,20.943951023932,21.5024563845701
16.349979,3.105,20.943951023932,21.5024563845701
16.400055,3.105,21.0835773640915,21.5024563845701
16.449989,3.105,20.943951023932,21.5024563845701
16.499983,3.105,21.0835773640915,21.5024563845701
16.550027,3.105,21.0835773640915,21.6420827247297
16.60002,3.105,20.943951023932,21.5024563845701
16.650043,3.105,21.0835773640915,21.5024563845701
16.700089,3.105,21.0835773640915,21.5024563845701
16.750003,3.105,21.0835773640915,21.5024563845701
16.799984,3.105,20.943951023932,21.6420827247297
16.850051,3.105,21.0835773640915,21.5024563845701
16.900055,3.105,20.943951023932,21.6420827247297
16.950045,3.105,20.943951023932,21.5024563845701
17.000004,3.105,20.943951023932,21.5024563845701
17.04999,0,18.8495559215388,20.1061929829747
17.099991,0,11.4493598930828,13.9626340159546
17.150003,0,4.60766922526503,8.37758040957278
17.200035,0,0.139626340159546,3.07177948351002
17.250018,0,0,0
17.30008,0,0,0
17.350014,0,0,0
17.399979,0,0,0
17.450044,0,0,0
17.499989,0,0,0
17.550089,0,0,0
17.600021,0,0,0
17.649985,0,0,0
17.700016,0,0,0
17.750134,0,0,0
17.800041,0,0,0
17.850005,0,0,0
17.899987,0,0,0
17.949992,0,0,0
18.000046,0,0,0
18.05,3.105,6.00393262686049,5.44542726622231
18.099982,3.105,17.3136661797837,16.8947871593051
18.150071,3.105,19.5476876223365,19.8269403026556
18.199977,3.105,20.1061929829747,20.6646983436129
18.25001,3.105,20.5250720034533,21.0835773640915
18.300008,3.105,20.6646983436129,21.0835773640915
18.349982,3.105,20.5250720034533,21.223203704251
18.400044,3.105,20.8043246837724,21.3628300444106
18.449984,3.105,20.6646983436129,21.3628300444106
18.499979,3.105,20.8043246837724,21.3628300444106
18.549991,0,19.1288086018579,20.1061929829747
18.600029,0,11.8682389135614,14.2418866962737
18.650028,0,5.16617458590322,8.51720674973233
18.700082,0,0.279252680319093,3.21140582366957
18.750027,0,0,0
18.799992,0,0,0
18.850077,0,0,0
18.900032,0,0,0
18.950004,0,0,0
19.000035,0,0,0
19.050007,0,0,0
19.100071,0,0,0
19.150017,0,0,0
19.200004,0,0,0
19.249999,0,0,0
19.300127,0,0,0
19.350013,0,0,0
19.400003,0,0,0
19.449985,0,0,0
19.499997,0,0,0
19.550109,3.105,5.86430628670095,5.16617458590322
19.600011,3.105,17.1740398396242,16.615534478986
19.649987,3.105,19.5476876223365,19.687313962496
19.700049,3.105,20.2458193231342,20.8043246837724
19.750039,3.105,20.5250720034533,20.943951023932
19.800105,3.105,20.6646983436129,21.223203704251
19.850039,3.105,20.6646983436129,21.223203704251
19.900007,3.105,20.6646983436129,21.3628300444106
19.95002,3.105,20.8043246837724,21.3628300444106
20.000018,3.105,20.6646983436129,21.3628300444106
20.050012,0,19.1288086018579,20.1061929829747
20.099998,0,12.007865253721,14.2418866962737
20.15009,0,5.30580092606276,8.65683308989187
20.200027,0,0.418879020478639,3.07177948351002
20.249992,0,0,0
20.300034,0,0,0
20.35005,0,0,0
20.400065,0,0,0
20.450014,0,0,0
20.500037,0,0,0
20.550015,3.105,6.28318530717959,5.86430628670095
20.600074,3.105,17.4532925199433,16.8947871593051
20.650027,3.105,19.687313962496,19.9665666428151
20.700013,3.105,20.3854456632938,20.8043246837724
20.749985,3.105,20.5250720034533,21.223203704251
20.799994,3.105,20.6646983436129,21.3628300444106
20.850094,3.105,20.8043246837724,21.3628300444106
20.900051,3.105,20.8043246837724,21.5024563845701
20.95003,3.105,20.8043246837724,21.5024563845701
20.999981,3.105,20.8043246837724,21.5024563845701
21.05001,0,18.8495559215388,20.1061929829747
21.100056,0,11.8682389135614,13.9626340159546
21.149989,0,5.02654824574367,8.37758040957278
21.200019,0,0.279252680319093,2.93215314335047
21.249992,0,0,0
21.300106,0,0,0
21.350021,0,0,0
21.40003,0,0,0
21.449975,0,0,0
21.500108,0,0,0
21.550107,0,0,0
21.600044,0,0,0
21.650045,0,0,0
21.699976,0,0,0
21.750096,0,0,0
21.800028,0,0,0
21.84997,0,0,0
21.900014,0,0,0
21.950069,0,0,0
21.999976,0,0,0
22.050026,3.105,5.86430628670095,5.16617458590322
22.09999,3.105,17.1740398396242,16.615534478986
22.150008,3.105,19.687313962496,19.8269403026556
22.200105,3.105,20.3854456632938,20.8043246837724
22.250038,3.105,20.3854456632938,21.0835773640915
22.299977,3.105,20.6646983436129,21.223203704251
22.350037,3.105,20.6646983436129,21.5024563845701
22.400096,3.105,20.8043246837724,21.5024563845701
22.449987,3.105,20.8043246837724,21.5024563845701
22.500027,3.105,20.8043246837724,21.6420827247297
22.549986,3.105,20.943951023932,21.3628300444106
22.600091,3.105,20.943951023932,21.5024563845701
22.65014,3.105,20.943951023932,21.5024563845701
22.70011,3.105,20.8043246837724,21.5024563845701
22.749977,3.105,20.8043246837724,21.3628300444106
22.799996,3.105,20.943951023932,21.6420827247297
22.850013,3.105,20.943951023932,21.5024563845701
22.900051,3.105,21.0835773640915,21.6420827247297
22.949982,3.105,20.943951023932,21.6420827247297
23.000026,3.105,21.0835773640915,21.6420827247297
23.050055,0,19.1288086018579,20.2458193231342
23.100039,0,12.1474915938805,14.2418866962737
23.150063,0,5.44542726622231,8.37758040957278
23.200005,0,0.418879020478639,3.07177948351002
23.250055,0,0,0.139626340159546
23.300025,0,0,0
23.350074,0,0,0
23.400009,0,0,0
23.450055,0,0,0
23.500045,0,0,0
23.550001,0,0,0
23.600034,0,0,0
23.650029,0,0,0
23.700018,0,0,0
23.750014,0,0,0
23.799972,0,0,0
23.849992,0,0,0
23.899977,0,0,0
23.950004,0,0,0
24.00012,0,0,0
24.05011,0,0,0
24.099991,0,0,0
24.150016,0,0,0
24.200015,0,0,0
24.250021,0,0,0
24.300028,0,0,0
24.35003,0,0,0
24.400002,0,0,0
24.450089,0,0,0
24.500006,0,0,0
24.550029,0,0,0
24.600056,0,0,0
24.650017,0,0,0
24.699979,0,0,0
24.750028,0,0,0
24.799973,0,0,0
24.850047,0,0,0
24.900123,0,0,0
24.950063,0,0,0
25.000009,0,0,0
25.05005,0,0,0
25.10009,0,0,0
25.149998,0,0,0
25.200028,0,0,0
25.250012,0,0,0
25.300064,0,0,0
25.350028,0,0,0
25.400057,0,0,0
25.449985,0,0,0
25.500048,0,0,0
25.550054,3.105,6.14355896702004,5.44542726622231
25.600017,3.105,17.4532925199433,16.7551608191456
25.649997,3.105,19.687313962496,19.8269403026556
25.700026,3.105,20.2458193231342,20.8043246837724
25.750056,3.105,20.5250720034533,21.0835773640915
25.800001,3.105,20.6646983436129,21.223203704251
25.849984,3.105,20.8043246837724,21.3628300444106
25.899978,3.105,20.943951023932,21.3628300444106
25.950014,3.105,20.8043246837724,21.5024563845701
26.000034,3.105,20.943951023932,21.5024563845701
26.050142,3.105,20.943951023932,21.5024563845701
26.099999,3.105,20.8043246837724,21.5024563845701
26.150013,3.105,20.943951023932,21.5024563845701
26.200055,3.105,20.943951023932,21.3628300444106
26.25003,3.105,21.0835773640915,21.5024563845701
26.299998,3.105,20.943951023932,21.6420827247297
26.350035,3.105,20.943951023932,21.6420827247297
26.400015,3.105,21.0835773640915,21.5024563845701
26.450022,3.105,20.943951023932,21.6420827247297
26.500069,3.105,21.0835773640915,21.6420827247297
26.550027,0,19.1288086018579,20.1061929829747
26.599991,0,12.1474915938805,14.1022603561142
26.650095,0,5.58505360638185,8.37758040957278
26.700011,0,0.558505360638185,3.07177948351002
26.750071,0,0,0
26.799985,0,0,0
26.850061,0,0,0
26.900064,0,0,0
26.950067,0,0,0
26.999982,0,0,0
27.050043,3.105,5.86430628670095,5.58505360638185
27.10004,3.105,17.5929188601028,16.7551608191456
27.150041,3.105,19.8269403026556,19.9665666428151
27.200044,3.105,20.5250720034533,20.8043246837724
27.249976,3.105,20.8043246837724,21.0835773640915
27.299986,3.105,20.943951023932,21.3628300444106
27.350124,3.105,20.943951023932,21.3628300444106
27.400049,3.105,20.943951023932,21.3628300444106
27.449985,3.105,20.8043246837724,21.5024563845701
27.500044,3.105,21.0835773640915,21.5024563845701
27.550035,0,18.9891822616983,19.9665666428151
27.600046,0,12.1474915938805,13.9626340159546
27.650015,0,5.30580092606276,8.23795406941323
27.700035,0,0.558505360638185,2.93215314335047
27.750043,0,0,0
27.800115,0,0,0
27.850079,0,0,0
27.899971,0,0,0
27.950061,0,0,0
28.000082,0,0,0
28.050095,0,0,0
28.100015,0,0,0
28.149985,0,0,0
28.200021,0,0,0
28.250113,0,0,0
28.300043,0,0,0
28.349977,0,0,0
28.399968,0,0,0
28.450104,0,0,0
28.500001,0,0,0
28.550056,0,0,0
28.600009,0,0,0
28.650043,0,0,0
28.700099,0,0,0
28.750063,0,0,0
28.800015,0,0,0
28.850054,0,0,0
28.899996,0,0,0
28.94999,0,0,0
29.000092,0,0,0
29.050032,3.105,5.7246799465414,5.16617458590322
29.100056,3.105,17.3136661797837,16.7551608191456
29.150111,3.105,19.8269403026556,19.8269403026556
29.20004,3.105,20.3854456632938,20.8043246837724
29.250038,3.105,20.6646983436129,21.0835773640915
29.300054,3.105,20.8043246837724,21.223203704251
29.350078,3.105,20.943951023932,21.3628300444106
29.400033,3.105,20.8043246837724,21.3628300444106
29.450076,3.105,20.943951023932,21.5024563845701
29.500026,3.105,20.943951023932,21.6420827247297
29.550027,3.105,20.943951023932,21.5024563845701
29.599995,3.105,20.943951023932,21.6420827247297
29.650078,3.105,21.0835773640915,21.5024563845701
29.700046,3.105,21.0835773640915,21.6420827247297
29.749995,3.105,20.943951023932,21.5024563845701
29.799994,3.105,21.0835773640915,21.5024563845701
29.850051,3.105,21.0835773640915,21.6420827247297
29.899973,3.105,21.0835773640915,21.5024563845701
29.950031,3.105,21.0835773640915,21.5024563845701
29.999993,3.105,21.223203704251,21.6420827247297
30.050077,3.105,21.0835773640915,21.5024563845701
30.10011,3.105,21.0835773640915,21.6420827247297
30.150003,3.105,21.0835773640915,21.5024563845701
30.199985,3.105,20.943951023932,21.5024563845701
30.250091,3.105,21.0835773640915,21.6420827247297
30.300026,3.105,21.223203704251,21.6420827247297
30.35002,3.105,21.0835773640915,21.5024563845701
30.400016,3.105,20.943951023932,21.6420827247297
30.44999,3.105,21.0835773640915,21.6420827247297
30.500095,3.105,21.223203704251,21.5024563845701
30.5501,3.105,21.0835773640915,21.6420827247297
30.600033,3.105,20.943951023932,21.6420827247297
30.649987,3.105,20.943951023932,21.5024563845701
30.700114,3.105,21.0835773640915,21.6420827247297
30.750045,3.105,20.8043246837724,21.5024563845701
30.800041,3.105,20.8043246837724,21.6420827247297
30.849975,3.105,21.0835773640915,21.5024563845701
30.900019,3.105,21.0835773640915,21.5024563845701
30.950127,3.105,21.0835773640915,21.7817090648892
31.000039,3.105,20.943951023932,21.5024563845701
31.050036,0,19.2684349420174,20.1061929829747
31.099995,0,12.1474915938805,14.2418866962737
31.150087,0,5.30580092606276,8.37758040957278
31.199989,0,0.418879020478639,3.21140582366957
31.250027,0,0,0
31.299994,0,0,0
31.350086,0,0,0
31.399986,0,0,0
31.450122,0,0,0
31.500013,0,0,0
31.549993,0,0,0
31.600116,0,0,0
31.650017,0,0,0
31.700036,0,0,0
31.750016,0,0,0
31.800079,0,0,0
31.850051,0,0,0
31.899983,0,0,0
31.94997,0,0,0
32.000053,0,0,0
32.050064,0,0,0
32.100024,0,0,0
32.149977,0,0,0
32.200032,0,0,0
32.250084,0,0,0
32.300044,0,0,0
32.350065,0,0,0
32.399991,0,0,0
32.450043,0,0,0
32.500042,0,0,0
32.550141,3.105,6.14355896702004,5.58505360638185
32.652623,3.105,38.3972435438752,37.8387381832371
32.700044,3.105,19.5476876223365,19.8269403026556
32.75008,3.105,20.6646983436129,21.223203704251
32.800024,3.105,20.943951023932,21.223203704251
32.849974,3.105,20.943951023932,21.3628300444106
32.899975,3.105,20.943951023932,21.3628300444106
32.950092,3.105,20.943951023932,21.5024563845701
32.999978,3.105,20.943951023932,21.5024563845701
33.050019,0,19.2684349420174,19.9665666428151
33.100017,0,11.8682389135614,14.1022603561142
33.15001,0,5.30580092606276,8.23795406941323
33.200103,0,0.418879020478639,2.93215314335047
33.25007,0,0,0
33.299983,0,0,0
33.349999,0,0,0
33.400083,0,0,0
33.45005,0,0,0
33.500087,0,0,0
33.550001,0,0,0
33.60007,0,0,0
33.650135,0,0,0
33.700021,0,0,0
33.750012,0,0,0
33.800008,0,0,0
33.850001,0,0,0
33.90003,0,0,0
33.950022,0,0,0
34.000023,0,0,0
34.050023,0,0,0
34.099996,0,0,0
34.150031,0,0,0
34.200022,0,0,0
34.250021,0,0,0
34.300009,0,0,0
34.349984,0,0,0
34.400004,0,0,0
34.450035,0,0,0
34.500038,0,0,0
34.550088,3.105,6.28318530717959,5.7246799465414
34.600015,3.105,17.4532925199433,16.7551608191456
34.650027,3.105,19.8269403026556,19.8269403026556
34.700058,3.105,20.3854456632938,20.8043246837724
34.750095,3.105,20.8043246837724,21.0835773640915
34.800028,3.105,20.8043246837724,21.223203704251
34.850095,3.105,21.0835773640915,21.3628300444106
34.900026,3.105,20.943951023932,21.3628300444106
34.950055,3.105,21.0835773640915,21.5024563845701
35.000077,3.105,21.0835773640915,21.5024563845701
35.050046,3.105,20.943951023932,21.5024563845701
35.099984,3.105,21.0835773640915,21.5024563845701
35.149992,3.105,21.0835773640915,21.6420827247297
35.200104,3.105,21.0835773640915,21.6420827247297
35.250034,3.105,21.0835773640915,21.5024563845701
35.300053,3.105,21.0835773640915,21.5024563845701
35.350035,3.105,21.0835773640915,21.5024563845701
35.400023,3.105,20.943951023932,21.6420827247297
35.450124,3.105,21.0835773640915,21.5024563845701
35.500053,3.105,20.943951023932,21.6420827247297
35.549991,3.105,20.943951023932,21.5024563845701
35.600023,3.105,21.0835773640915,21.6420827247297
35.650017,3.105,21.0835773640915,21.6420827247297
35.700059,3.105,21.0835773640915,21.6420827247297
35.749983,3.105,21.0835773640915,21.5024563845701
35.799975,3.105,21.223203704251,21.5024563845701
35.850002,3.105,20.943951023932,21.6420827247297
35.900086,3.105,21.223203704251,21.6420827247297
35.950096,3.105,21.0835773640915,21.5024563845701
36.000011,3.105,20.943951023932,21.5024563845701
36.050015,3.105,21.0835773640915,21.6420827247297
36.100044,3.105,21.223203704251,21.6420827247297
36.150079,3.105,21.0835773640915,21.5024563845701
36.199992,3.105,21.0835773640915,21.5024563845701
36.250039,3.105,21.223203704251,21.5024563845701
36.300016,3.105,21.0835773640915,21.7817090648892
36.350126,3.105,21.223203704251,21.5024563845701
36.400063,3.105,21.0835773640915,21.5024563845701
36.449982,3.105,21.0835773640915,21.5024563845701
36.500026,3.105,21.0835773640915,21.6420827247297
36.550013,0,19.5476876223365,20.1061929829747
36.599997,0,12.4267442741996,14.2418866962737
36.649987,0,5.7246799465414,8.51720674973233
36.700036,0,0.698131700797732,3.21140582366957
36.750026,0,0,0
36.800026,0,0,0
36.850112,0,0,0
36.900032,0,0,0
36.950048,0,0,0
37.000025,0,0,0
37.05,0,0,0
37.10002,0,0,0
37.150031,0,0,0
37.200063,0,0,0
37.250145,0,0,0
37.300071,0,0,0
37.350031,0,0,0
37.399999,0,0,0
37.450008,0,0,0
37.50003,0,0,0
37.550015,0,0,0
37.600044,0,0,0
37.650057,0,0,0
37.700001,0,0,0
37.750003,0,0,0
37.799979,0,0,0
37.850038,0,0,0
37.900054,0,0,0
37.950031,0,0,0
38.000023,0,0,0
38.050035,3.105,6.00393262686049,5.44542726622231
38.100113,3.105,17.3136661797837,16.7551608191456
38.150037,3.105,19.8269403026556,19.687313962496
38.19998,3.105,20.3854456632938,20.8043246837724
38.24999,3.105,20.8043246837724,21.223203704251
38.300045,3.105,20.8043246837724,21.223203704251
38.350055,3.105,20.943951023932,21.3628300444106
38.399988,3.105,21.0835773640915,21.3628300444106
38.450021,3.105,20.943951023932,21.5024563845701
38.500026,3.105,20.943951023932,21.6420827247297
38.549981,3.105,20.8043246837724,21.3628300444106
38.599985,3.105,20.943951023932,21.223203704251
38.650085,3.105,21.0835773640915,21.3628300444106
38.699975,3.105,20.943951023932,21.223203704251
38.750063,3.105,21.0835773640915,21.5024563845701
38.800028,3.105,20.943951023932,21.6420827247297
38.850032,3.105,20.8043246837724,21.5024563845701
38.900003,3.105,20.943951023932,21.5024563845701
38.949989,3.105,20.943951023932,21.5024563845701
39.000053,3.105,21.0835773640915,21.6420827247297
39.050046,3.105,21.0835773640915,21.5024563845701
39.099971,3.105,21.0835773640915,21.5024563845701
39.149989,3.105,20.943951023932,21.5024563845701
39.200056,3.105,21.0835773640915,21.5024563845701
39.250034,3.105,20.943951023932,21.3628300444106
39.300001,3.105,21.0835773640915,21.5024563845701
39.349992,3.105,21.0835773640915,21.5024563845701
39.399983,3.105,21.0835773640915,21.5024563845701
39.450069,3.105,21.0835773640915,21.5024563845701
39.499988,3.105,21.0835773640915,21.5024563845701
39.55009,0,19.4080612821769,20.1061929829747
39.599991,0,12.4267442741996,14.1022603561142
39.649988,0,5.7246799465414,8.37758040957278
39.700074,0,0.698131700797732,3.07177948351002
39.749997,0,0,0
39.799982,0,0,0
39.849978,0,0,0
39.900065,0,0,0
39.950056,0,0,0
40.000038,0,0,0
40.049994,0,0,0
40.100093,0,0,0
40.150114,0,0,0
40.200047,0,0,0
