t,u,wl,wr
0,0,0,0
0.0251439999999974,0,0,0
0.0500339999999966,3.105,1.11701072127637,0.837758040957278
0.0750740000000008,3.105,10.6116018521255,9.77384381116824
0.0999790000000047,3.105,16.1966554585074,15.6381500978692
0.124981000000005,3.105,19.2684349420174,18.7099295813792
0.150052000000002,3.105,20.1061929829747,20.1061929829747
0.175065000000004,3.105,20.943951023932,20.6646983436129
0.200045000000003,3.105,21.223203704251,21.223203704251
0.225059999999999,3.105,21.223203704251,21.7817090648892
0.250019000000009,3.105,21.223203704251,21.7817090648892
0.275036,3.105,21.5024563845701,21.7817090648892
0.300027,3.105,21.223203704251,21.7817090648892
0.325084000000004,3.105,21.5024563845701,21.7817090648892
0.350104000000002,3.105,21.5024563845701,22.0609617452083
0.375000999999997,3.105,21.223203704251,21.7817090648892
0.400096000000005,3.105,21.7817090648892,22.0609617452083
0.425013000000007,3.105,21.223203704251,21.7817090648892
0.449984999999998,3.105,21.5024563845701,22.0609617452083
0.475054999999998,3.105,21.5024563845701,22.0609617452083
0.5,3.105,21.5024563845701,21.7817090648892
0.525119000000004,3.105,21.5024563845701,22.0609617452083
0.549991000000006,3.105,21.5024563845701,22.0609617452083
0.575046,3.105,21.5024563845701,22.0609617452083
0.600015999999997,3.105,21.5024563845701,21.7817090648892
0.625025000000008,3.105,21.5024563845701,22.0609617452083
0.650011000000006,3.105,21.5024563845701,22.0609617452083
0.675063000000009,3.105,21.5024563845701,22.0609617452083
0.700089000000006,3.105,21.5024563845701,22.0609617452083
0.725054999999998,3.105,21.5024563845701,22.0609617452083
0.750067000000001,3.105,21.5024563845701,22.0609617452083
0.775005000000007,3.105,21.5024563845701,21.7817090648892
0.799999,3.105,21.5024563845701,22.0609617452083
0.825011000000003,3.105,21.7817090648892,22.0609617452083
0.850068000000007,3.105,21.5024563845701,22.0609617452083
0.87509,3.105,21.5024563845701,22.0609617452083
0.899988000000008,3.105,21.5024563845701,22.0609617452083
0.925041000000007,3.105,21.5024563845701,22.0609617452083
0.949993000000006,3.105,21.7817090648892,22.0609617452083
0.974981999999997,3.105,21.5024563845701,22.0609617452083
1.00004800000001,3.105,21.5024563845701,22.0609617452083
1.02510700000001,3.105,21.5024563845701,22.3402144255274
1.050017,3.105,21.5024563845701,21.7817090648892
1.1557,3.105,91.0363737840242,93.5496479068961
1.17500700000001,3.105,16.7551608191456,17.0344134994647
1.19999900000001,3.105,21.5024563845701,22.0609617452083
1.22507,3.105,21.5024563845701,22.0609617452083
1.250078,3.105,21.5024563845701,22.3402144255274
1.274996,3.105,21.5024563845701,22.0609617452083
1.300037,3.105,21.7817090648892,22.0609617452083
1.325018,3.105,21.5024563845701,22.0609617452083
1.350047,3.105,21.5024563845701,22.3402144255274
1.37502500000001,3.105,21.5024563845701,22.0609617452083
1.400051,3.105,21.7817090648892,22.0609617452083
1.42505700000001,3.105,21.5024563845701,22.3402144255274
1.450002,3.105,21.5024563845701,22.0609617452083
1.47508500000001,3.105,21.5024563845701,22.0609617452083
1.500018,3.105,21.5024563845701,22.0609617452083
1.524991,3.105,21.5024563845701,22.3402144255274
1.550022,3.105,21.5024563845701,22.0609617452083
1.575102,3.105,21.7817090648892,22.0609617452083
1.600134,3.105,21.5024563845701,22.3402144255274
1.62500900000001,3.105,21.223203704251,22.0609617452083
1.650113,3.105,21.7817090648892,22.0609617452083
1.67502500000001,3.105,21.5024563845701,22.3402144255274
1.700047,3.105,21.5024563845701,22.0609617452083
1.724988,3.105,21.5024563845701,22.0609617452083
1.750012,3.105,21.5024563845701,22.0609617452083
1.775127,3.105,21.7817090648892,22.3402144255274
1.800004,3.105,21.223203704251,22.0609617452083
1.825039,3.105,21.7817090648892,22.0609617452083
1.850032,3.105,21.5024563845701,22.3402144255274
1.875013,3.105,21.5024563845701,22.0609617452083
1.899995,3.105,21.5024563845701,22.0609617452083
1.92502500000001,3.105,21.7817090648892,22.0609617452083
1.95014,3.105,21.7817090648892,22.3402144255274
1.97502900000001,3.105,21.5024563845701,22.0609617452083
2.00005300000001,3.105,21.5024563845701,22.3402144255274
2.025025,3.105,21.7817090648892,22.0609617452083
2.05004700000001,0,21.223203704251,21.7817090648892
2.075073,0,18.7099295813792,19.8269403026556
2.100061,0,15.3588974175501,17.0344134994647
2.12504,0,12.5663706143592,14.5211393765928
2.14998800000001,0,9.21533845053006,12.2871179340401
2.25488800000001,0,11.7286125734019,26.2497519499947
2.27503400000001,0,0,0.837758040957278
2.29999600000001,0,0,0
2.32510500000001,0,0,0
2.350026,0,0,0
2.375102,0,0,0
2.399986,0,0,0
2.42503600000001,0,0,0
2.450046,0,0,0
2.475115,0,0,0
2.50013,0,0,0
2.525077,0,0,0
2.55005800000001,0,0,0
2.57500400000001,0,0,0
2.60002800000001,0,0,0
2.624988,0,0,0
2.650001,0,0,0
2.675145,0,0,0
2.700006,0,0,0
2.725094,0,0,0
2.750035,0,0,0
2.77504400000001,0,0,0
2.799999,0,0,0
2.82502100000001,0,0,0
2.85014700000001,0,0,0
2.875033,0,0,0
2.90008400000001,0,0,0
2.925033,0,0,0
2.95004800000001,0,0,0
2.97501200000001,0,0,0
3.00000800000001,0,0,0
3.025137,0,0,0
3.04999100000001,3.105,0.837758040957278,0.837758040957278
3.074997,3.105,10.6116018521255,9.77384381116824
3.100014,3.105,16.4759081388265,15.6381500978692
3.125011,3.105,18.9891822616983,18.7099295813792
3.15003300000001,3.105,20.3854456632938,20.3854456632938
3.175049,3.105,20.943951023932,20.943951023932
3.200005,3.105,20.943951023932,21.223203704251
3.22499000000001,3.105,21.5024563845701,21.7817090648892
3.25001400000001,3.105,21.5024563845701,21.7817090648892
3.275035,3.105,21.5024563845701,22.0609617452083
3.300004,3.105,21.223203704251,22.0609617452083
3.325057,3.105,21.7817090648892,22.0609617452083
3.35007,3.105,21.5024563845701,22.0609617452083
3.37503600000001,3.105,21.5024563845701,22.0609617452083
3.400075,3.105,21.5024563845701,22.0609617452083
3.425005,3.105,21.7817090648892,22.0609617452083
3.449997,3.105,21.5024563845701,22.0609617452083
3.47502,3.105,21.5024563845701,22.3402144255274
3.500105,3.105,21.7817090648892,22.0609617452083
3.525099,3.105,21.5024563845701,22.0609617452083
3.55005200000001,3.105,21.5024563845701,22.0609617452083
3.575059,3.105,21.5024563845701,22.0609617452083
3.60002900000001,3.105,21.5024563845701,22.0609617452083
3.625007,3.105,21.7817090648892,22.0609617452083
3.650048,3.105,21.5024563845701,22.3402144255274
3.675112,3.105,21.7817090648892,22.0609617452083
3.70013800000001,3.105,21.5024563845701,22.3402144255274
3.72500600000001,3.105,21.5024563845701,22.0609617452083
3.750123,3.105,21.7817090648892,22.0609617452083
3.774998,3.105,21.5024563845701,22.0609617452083
3.800031,3.105,21.5024563845701,22.0609617452083
3.825058,3.105,21.5024563845701,22.0609617452083
3.850038,3.105,21.5024563845701,22.3402144255274
3.87515,3.105,21.7817090648892,22.0609617452083
3.900007,3.105,21.5024563845701,22.0609617452083
3.925101,3.105,21.5024563845701,22.3402144255274
3.95002100000001,3.105,21.7817090648892,21.7817090648892
3.975015,3.105,21.5024563845701,22.3402144255274
4.00000300000001,3.105,21.5024563845701,22.0609617452083
4.025019,3.105,21.7817090648892,22.0609617452083
4.05001800000001,3.105,21.5024563845701,22.3402144255274
4.075056,3.105,21.5024563845701,22.0609617452083
4.10005200000001,3.105,21.5024563845701,22.0609617452083
4.12499200000001,3.105,21.5024563845701,22.0609617452083
4.150051,3.105,21.7817090648892,22.3402144255274
4.17501300000001,3.105,21.5024563845701,22.0609617452083
4.20006500000001,3.105,21.5024563845701,22.3402144255274
4.22503,3.105,21.5024563845701,22.0609617452083
4.25001,3.105,21.7817090648892,22.0609617452083
4.275035,3.105,21.5024563845701,22.3402144255274
4.30001200000001,3.105,21.5024563845701,22.0609617452083
4.325025,3.105,21.7817090648892,22.0609617452083
4.350092,3.105,21.5024563845701,22.3402144255274
4.375069,3.105,21.7817090648892,22.0609617452083
4.400046,3.105,21.5024563845701,22.0609617452083
4.42510300000001,3.105,21.5024563845701,22.3402144255274
4.45001600000001,3.105,21.7817090648892,22.0609617452083
4.47502800000001,3.105,21.5024563845701,22.0609617452083
4.500029,3.105,21.5024563845701,22.3402144255274
4.52510100000001,3.105,21.7817090648892,22.0609617452083
4.550107,3.105,21.7817090648892,22.3402144255274
4.57500400000001,3.105,21.5024563845701,22.0609617452083
4.60008000000001,3.105,21.5024563845701,22.3402144255274
4.62498000000001,3.105,21.7817090648892,21.7817090648892
4.64999900000001,3.105,21.5024563845701,22.3402144255274
4.675037,3.105,21.7817090648892,22.3402144255274
4.700091,3.105,21.5024563845701,22.0609617452083
4.725121,3.105,21.7817090648892,22.0609617452083
4.750015,3.105,21.5024563845701,22.0609617452083
4.77508900000001,3.105,21.5024563845701,22.3402144255274
4.799997,3.105,21.5024563845701,22.0609617452083
4.824995,3.105,21.7817090648892,22.3402144255274
4.850069,3.105,21.5024563845701,22.0609617452083
4.875001,3.105,21.7817090648892,22.0609617452083
4.90014000000001,3.105,21.5024563845701,22.3402144255274
4.925006,3.105,21.5024563845701,21.7817090648892
4.95002700000001,3.105,21.5024563845701,22.0609617452083
4.97505100000001,3.105,21.7817090648892,22.0609617452083
5.000035,3.105,21.5024563845701,22.0609617452083
5.02500000000001,3.105,21.5024563845701,22.0609617452083
5.049993,0,21.5024563845701,22.0609617452083
5.07498700000001,0,18.9891822616983,19.8269403026556
5.17770400000001,0,44.9596815313739,55.8505360638185
5.200029,0,3.63028484414821,6.98131700797732
5.22507900000001,0,1.39626340159546,5.58505360638185
5.25007100000001,0,0,3.63028484414821
5.27512300000001,0,0,1.11701072127637
5.300078,0,0,0.279252680319093
5.32504400000001,0,0,0
5.349992,0,0,0
5.374999,0,0,0
5.400049,0,0,0
5.425087,0,0,0
5.450113,0,0,0
5.47502800000001,0,0,0
5.50007500000001,0,0,0
5.525023,0,0,0
5.54998500000001,0,0,0
5.575052,0,0,0
5.600112,0,0,0
5.625129,0,0,0
5.649992,0,0,0
5.675089,0,0,0
5.70005400000001,0,0,0
5.72498400000001,0,0,0
5.74999,0,0,0
5.775085,0,0,0
5.800117,0,0,0
5.825031,0,0,0
5.850112,0,0,0
5.875015,0,0,0
5.900023,0,0,0
5.925054,0,0,0
5.950109,0,0,0
5.97498,0,0,0
6.000049,0,0,0
6.024987,0,0,0
6.05003000000001,3.105,1.11701072127637,0.837758040957278
6.075045,3.105,10.6116018521255,10.0530964914873
6.100067,3.105,16.4759081388265,15.6381500978692
6.125078,3.105,18.9891822616983,18.7099295813792
6.150031,3.105,20.3854456632938,20.3854456632938
6.17500700000001,3.105,20.943951023932,20.943951023932
6.20003200000001,3.105,21.223203704251,21.5024563845701
6.225061,3.105,21.5024563845701,22.0609617452083
6.250022,3.105,21.5024563845701,21.7817090648892
6.275085,3.105,21.5024563845701,22.0609617452083
6.30010900000001,3.105,21.5024563845701,22.0609617452083
6.325007,3.105,21.5024563845701,22.0609617452083
6.350071,3.105,21.5024563845701,22.3402144255274
6.375018,3.105,21.5024563845701,21.7817090648892
6.400048,3.105,21.7817090648892,22.3402144255274
6.425062,3.105,21.5024563845701,22.0609617452083
6.45001500000001,3.105,21.7817090648892,22.0609617452083
6.475137,3.105,21.5024563845701,22.3402144255274
6.500055,3.105,21.7817090648892,22.0609617452083
6.52510000000001,3.105,21.5024563845701,22.3402144255274
6.550005,3.105,21.5024563845701,22.0609617452083
6.57502100000001,3.105,21.7817090648892,22.3402144255274
6.59999500000001,3.105,21.5024563845701,22.0609617452083
6.625022,3.105,21.7817090648892,22.3402144255274
6.649995,3.105,21.7817090648892,22.0609617452083
6.674995,3.105,21.5024563845701,22.3402144255274
6.700046,3.105,21.7817090648892,22.0609617452083
6.72504600000001,3.105,21.5024563845701,22.0609617452083
6.75002600000001,3.105,21.7817090648892,22.3402144255274
6.775002,3.105,21.5024563845701,22.3402144255274
6.800028,3.105,21.7817090648892,22.0609617452083
6.82504,3.105,21.5024563845701,22.3402144255274
6.850083,3.105,21.7817090648892,22.0609617452083
6.875061,3.105,21.5024563845701,22.3402144255274
6.90001600000001,3.105,21.5024563845701,22.3402144255274
6.924992,3.105,21.5024563845701,22.0609617452083
6.950017,3.105,21.7817090648892,22.3402144255274
6.975038,3.105,21.5024563845701,22.0609617452083
7.000006,3.105,21.5024563845701,22.3402144255274
7.025007,3.105,21.5024563845701,22.0609617452083
7.049988,0,21.223203704251,22.0609617452083
7.075058,0,18.7099295813792,19.8269403026556
7.100041,0,15.3588974175501,17.3136661797837
7.125007,0,12.5663706143592,14.8003920569119
7.15015200000001,0,9.49459113084915,12.5663706143592
7.17501,0,6.70206432765823,10.0530964914873
7.200113,0,3.9095375244673,7.8190750489346
7.224993,0,1.39626340159546,5.58505360638185
7.250028,0,0,3.63028484414821
7.274981,0,0,1.67551608191456
7.300121,0,0,0
7.32513900000001,0,0,0
7.349991,0,0,0
7.375096,0,0,0
7.40002200000001,0,0,0
7.425021,0,0,0
7.450053,0,0,0
7.47500000000001,0,0,0
7.50012700000001,0,0,0
7.525047,0,0,0
7.55005700000001,0,0,0
7.575046,0,0,0
7.600041,0,0,0
7.625033,0,0,0
7.64999400000001,0,0,0
7.67512500000001,0,0,0
7.70004,0,0,0
7.725104,0,0,0
7.75004300000001,0,0,0
7.775059,0,0,0
7.799997,0,0,0
7.82510000000001,0,0,0
7.85012900000001,0,0,0
7.875005,0,0,0
7.90011200000001,0,0,0
7.92506,0,0,0
7.950017,0,0,0
7.975048,0,0,0
8.00000800000001,0,0,0
8.025132,0,0,0
8.050158,3.105,1.11701072127637,1.11701072127637
8.07506600000001,3.105,10.8908545324446,10.0530964914873
8.10005200000001,3.105,16.7551608191456,16.1966554585074
8.124988,3.105,19.2684349420174,18.9891822616983
8.149987,3.105,20.3854456632938,20.3854456632938
8.17501,3.105,20.943951023932,21.223203704251
8.20015500000001,3.105,21.5024563845701,21.7817090648892
8.22498900000001,3.105,21.223203704251,21.7817090648892
8.250079,3.105,21.5024563845701,22.0609617452083
8.275002,3.105,21.5024563845701,21.7817090648892
8.30001,3.105,21.7817090648892,22.3402144255274
8.325053,3.105,21.5024563845701,22.0609617452083
8.35001,3.105,21.5024563845701,22.0609617452083
8.375135,3.105,21.7817090648892,22.3402144255274
8.400037,3.105,21.7817090648892,22.3402144255274
8.42506400000001,3.105,21.5024563845701,22.0609617452083
8.44998200000001,3.105,21.7817090648892,22.0609617452083
8.474993,3.105,21.5024563845701,22.3402144255274
8.49999100000001,3.105,21.7817090648892,22.3402144255274
8.52500000000001,3.105,21.5024563845701,22.0609617452083
8.550144,3.105,22.0609617452083,22.3402144255274
8.57498700000001,3.105,21.5024563845701,22.0609617452083
8.60007300000001,3.105,21.7817090648892,22.3402144255274
8.625023,3.105,21.5024563845701,22.3402144255274
8.649987,3.105,21.7817090648892,22.3402144255274
8.67506300000001,3.105,21.5024563845701,22.0609617452083
8.700108,3.105,21.7817090648892,22.3402144255274
8.724999,3.105,21.7817090648892,22.3402144255274
8.75007600000001,3.105,21.7817090648892,22.3402144255274
8.77499300000001,3.105,21.5024563845701,22.0609617452083
8.800059,3.105,21.7817090648892,22.3402144255274
8.825005,3.105,21.7817090648892,22.3402144255274
8.850059,3.105,21.7817090648892,22.3402144255274
8.875073,3.105,21.5024563845701,22.3402144255274
8.900059,3.105,21.7817090648892,22.3402144255274
8.925026,3.105,21.5024563845701,22.3402144255274
8.94999900000001,3.105,21.7817090648892,22.3402144255274
8.975027,3.105,21.5024563845701,22.0609617452083
9.000012,3.105,21.7817090648892,22.3402144255274
9.025063,3.105,21.7817090648892,22.3402144255274
9.050004,3.105,21.5024563845701,22.0609617452083
9.075042,3.105,21.5024563845701,22.3402144255274
9.100049,3.105,21.7817090648892,22.3402144255274
9.12505,3.105,21.5024563845701,22.3402144255274
9.15002200000001,3.105,21.5024563845701,22.0609617452083
9.17504700000001,3.105,21.7817090648892,22.3402144255274
9.200007,3.105,21.5024563845701,22.3402144255274
9.225149,3.105,21.7817090648892,22.3402144255274
9.250007,3.105,21.5024563845701,22.3402144255274
9.275025,3.105,21.5024563845701,22.3402144255274
9.30002400000001,3.105,21.7817090648892,22.3402144255274
9.325028,3.105,21.5024563845701,22.0609617452083
9.34998300000001,3.105,21.5024563845701,22.3402144255274
9.374993,3.105,21.7817090648892,22.3402144255274
9.40011100000001,3.105,21.7817090648892,22.3402144255274
9.424988,3.105,21.5024563845701,22.0609617452083
9.45002700000001,3.105,21.7817090648892,22.3402144255274
9.47502800000001,3.105,21.5024563845701,22.0609617452083
9.500004,3.105,21.5024563845701,22.3402144255274
9.525054,3.105,21.7817090648892,22.3402144255274
9.55001300000001,3.105,21.5024563845701,22.0609617452083
9.57502100000001,3.105,21.7817090648892,22.3402144255274
9.600064,3.105,21.5024563845701,22.3402144255274
9.624995,3.105,21.7817090648892,22.0609617452083
9.64999400000001,3.105,21.5024563845701,22.3402144255274
9.675043,3.105,21.7817090648892,22.3402144255274
9.70002700000001,3.105,21.5024563845701,22.3402144255274
9.725042,3.105,21.7817090648892,22.0609617452083
9.749978,3.105,21.5024563845701,22.3402144255274
9.775015,3.105,21.7817090648892,22.3402144255274
9.800093,3.105,21.7817090648892,22.3402144255274
9.824991,3.105,21.5024563845701,22.0609617452083
9.849987,3.105,21.5024563845701,22.3402144255274
9.87505300000001,3.105,21.7817090648892,22.6194671058465
9.900065,3.105,21.5024563845701,22.3402144255274
9.92499000000001,3.105,21.7817090648892,22.0609617452083
9.950051,3.105,21.5024563845701,22.3402144255274
9.975027,3.105,21.5024563845701,22.3402144255274
10.000029,3.105,21.7817090648892,22.3402144255274
10.025008,3.105,21.5024563845701,22.3402144255274
10.049988,0,21.223203704251,21.7817090648892
10.075052,0,18.7099295813792,20.1061929829747
10.099986,0,15.6381500978692,17.3136661797837
10.125078,0,12.2871179340401,15.079644737231
10.150036,0,9.49459113084915,12.2871179340401
10.175,0,6.42281164733913,10.0530964914873
10.200032,0,3.63028484414821,7.8190750489346
10.225053,0,0.837758040957278,5.58505360638185
10.250015,0,0,3.35103216382911
10.275039,0,0,1.39626340159546
10.300095,0,0,0
10.325024,0,0,0
10.349985,0,0,0
10.37507,0,0,0
10.400065,0,0,0
10.425029,0,0,0
10.45,0,0,0
10.475032,0,0,0
10.500017,0,0,0
10.525023,0,0,0
10.550083,0,0,0
10.575105,0,0,0
10.599997,0,0,0
10.625097,0,0,0
10.649993,0,0,0
10.675026,0,0,0
10.700028,0,0,0
10.725111,0,0,0
10.7501,0,0,0
10.774994,0,0,0
10.800023,0,0,0
10.825001,0,0,0
10.850029,0,0,0
10.875027,0,0,0
10.900091,0,0,0
10.925102,0,0,0
10.950025,0,0,0
10.975049,0,0,0
11.000025,0,0,0
11.025,0,0,0
11.050013,0,0,0
11.075018,0,0,0
11.100131,0,0,0
11.124992,0,0,0
11.150099,0,0,0
11.175009,0,0,0
11.199988,0,0,0
11.225074,0,0,0
11.25003,0,0,0
11.275147,0,0,0
11.300013,0,0,0
11.325057,0,0,0
11.349984,0,0,0
11.375002,0,0,0
11.400063,0,0,0
11.425009,0,0,0
11.45013,0,0,0
11.475025,0,0,0
11.500127,0,0,0
11.525013,0,0,0
11.550024,0,0,0
11.575,0,0,0
11.600007,0,0,0
11.625141,0,0,0
11.65006,0,0,0
11.675064,0,0,0
11.700047,0,0,0
11.725015,0,0,0
11.749997,0,0,0
11.77511,0,0,0
11.800129,0,0,0
11.825023,0,0,0
11.850107,0,0,0
11.875002,0,0,0
11.900034,0,0,0
11.925024,0,0,0
11.949998,0,0,0
11.97512,0,0,0
12.000028,0,0,0
12.025055,0,0,0
12.050001,3.105,1.39626340159546,1.11701072127637
12.074995,3.105,10.6116018521255,10.0530964914873
12.100003,3.105,16.7551608191456,15.9174027781883
12.125036,3.105,18.9891822616983,18.9891822616983
12.150006,3.105,20.1061929829747,20.3854456632938
12.174988,3.105,20.943951023932,20.943951023932
12.199993,3.105,21.223203704251,21.7817090648892
12.224995,3.105,21.223203704251,21.7817090648892
12.250049,3.105,21.5024563845701,22.0609617452083
12.275039,3.105,21.5024563845701,22.0609617452083
12.30005,3.105,21.5024563845701,22.3402144255274
12.325061,3.105,21.5024563845701,22.0609617452083
12.350003,3.105,21.5024563845701,22.0609617452083
12.374994,3.105,21.5024563845701,22.3402144255274
12.400016,3.105,21.5024563845701,22.3402144255274
12.424977,3.105,21.7817090648892,22.0609617452083
12.450054,3.105,21.5024563845701,22.3402144255274
12.475065,3.105,21.7817090648892,22.0609617452083
12.500054,3.105,21.5024563845701,22.3402144255274
12.525044,3.105,21.7817090648892,22.3402144255274
12.550093,3.105,21.7817090648892,22.3402144255274
12.575036,3.105,21.5024563845701,22.0609617452083
12.600013,3.105,21.7817090648892,22.3402144255274
12.625049,3.105,21.5024563845701,22.3402144255274
12.650096,3.105,21.7817090648892,22.0609617452083
12.674988,3.105,21.5024563845701,22.3402144255274
12.700055,3.105,21.7817090648892,22.3402144255274
12.725029,3.105,21.7817090648892,22.3402144255274
12.750059,3.105,21.7817090648892,22.0609617452083
12.775032,3.105,21.5024563845701,22.3402144255274
12.800115,3.105,21.7817090648892,22.3402144255274
12.825133,3.105,21.7817090648892,22.3402144255274
12.849997,3.105,21.7817090648892,22.3402144255274
12.87504,3.105,21.5024563845701,22.3402144255274
12.900035,3.105,21.7817090648892,22.3402144255274
12.924993,3.105,21.5024563845701,22.3402144255274
12.950064,3.105,21.7817090648892,22.0609617452083
12.974997,3.105,21.7817090648892,22.0609617452083
13.000146,3.105,21.7817090648892,22.3402144255274
13.025026,3.105,21.5024563845701,22.0609617452083
13.050095,3.105,21.7817090648892,22.3402144255274
13.075017,3.105,21.5024563845701,22.3402144255274
13.099992,3.105,21.5024563845701,22.3402144255274
13.125066,3.105,21.7817090648892,22.3402144255274
13.150061,3.105,21.5024563845701,22.0609617452083
13.175025,3.105,21.5024563845701,22.3402144255274
13.200045,3.105,21.5024563845701,22.3402144255274
13.22504,3.105,21.7817090648892,22.3402144255274
13.25003,3.105,21.5024563845701,22.0609617452083
13.275006,3.105,21.5024563845701,22.3402144255274
13.300084,3.105,21.7817090648892,22.6194671058465
13.325098,3.105,21.5024563845701,22.3402144255274
13.349993,3.105,21.5024563845701,22.0609617452083
13.375015,3.105,21.5024563845701,22.6194671058465
13.400013,3.105,21.5024563845701,22.3402144255274
13.425048,3.105,21.7817090648892,22.3402144255274
13.450049,3.105,21.5024563845701,22.3402144255274
13.475109,3.105,21.7817090648892,22.3402144255274
13.500127,3.105,21.7817090648892,22.3402144255274
13.525056,3.105,21.5024563845701,22.3402144255274
13.550091,3.105,21.7817090648892,22.3402144255274
13.574995,3.105,21.5024563845701,22.0609617452083
13.599995,3.105,21.5024563845701,22.3402144255274
13.625042,3.105,21.7817090648892,22.6194671058465
13.650097,3.105,21.7817090648892,22.3402144255274
13.675121,3.105,21.5024563845701,22.3402144255274
13.70004,3.105,21.7817090648892,22.3402144255274
13.7251,3.105,21.5024563845701,22.6194671058465
13.750015,3.105,21.7817090648892,22.3402144255274
13.775038,3.105,21.7817090648892,22.3402144255274
13.80006,3.105,21.7817090648892,22.3402144255274
13.825004,3.105,21.7817090648892,22.3402144255274
13.850128,3.105,21.7817090648892,22.6194671058465
13.875017,3.105,21.5024563845701,22.3402144255274
13.900096,3.105,22.0609617452083,22.3402144255274
13.925039,3.105,21.5024563845701,22.3402144255274
13.950039,3.105,21.7817090648892,22.6194671058465
13.975002,3.105,21.7817090648892,22.3402144255274
14.000031,3.105,21.7817090648892,22.3402144255274
14.025133,3.105,21.7817090648892,22.6194671058465
14.050013,3.105,21.5024563845701,22.0609617452083
14.07499,3.105,21.7817090648892,22.3402144255274
14.10003,3.105,21.7817090648892,22.6194671058465
14.125006,3.105,21.5024563845701,22.3402144255274
14.150031,3.105,21.7817090648892,22.3402144255274
14.175046,3.105,21.7817090648892,22.3402144255274
14.199994,3.105,21.7817090648892,22.3402144255274
14.225042,3.105,21.7817090648892,22.3402144255274
14.250033,3.105,21.5024563845701,22.3402144255274
14.275031,3.105,21.7817090648892,22.3402144255274
14.29998,3.105,21.7817090648892,22.3402144255274
14.325046,3.105,21.7817090648892,22.3402144255274
14.350079,3.105,21.7817090648892,22.3402144255274
14.375022,3.105,21.5024563845701,22.3402144255274
14.400053,3.105,21.7817090648892,22.6194671058465
14.425009,3.105,21.5024563845701,22.3402144255274
14.449988,3.105,21.7817090648892,22.3402144255274
14.474987,3.105,21.5024563845701,22.3402144255274
14.500054,3.105,21.7817090648892,22.6194671058465
14.525072,3.105,21.7817090648892,22.3402144255274
14.549995,3.105,21.5024563845701,22.3402144255274
14.575041,3.105,21.7817090648892,22.6194671058465
14.600038,3.105,21.7817090648892,22.3402144255274
14.625049,3.105,21.5024563845701,22.3402144255274
14.650005,3.105,21.7817090648892,22.3402144255274
14.675082,3.105,21.7817090648892,22.3402144255274
14.700079,3.105,21.5024563845701,22.6194671058465
14.725006,3.105,21.7817090648892,22.0609617452083
14.750104,3.105,21.7817090648892,22.6194671058465
14.775042,3.105,21.5024563845701,22.3402144255274
14.799987,3.105,21.7817090648892,22.3402144255274
14.825059,3.105,21.7817090648892,22.3402144255274
14.850102,3.105,21.5024563845701,22.6194671058465
14.875103,3.105,21.7817090648892,22.3402144255274
14.900012,3.105,21.7817090648892,22.0609617452083
14.925028,3.105,21.5024563845701,22.3402144255274
14.949978,3.105,21.7817090648892,22.3402144255274
14.974997,3.105,21.7817090648892,22.6194671058465
15.000055,3.105,21.5024563845701,22.3402144255274
15.025118,3.105,21.7817090648892,22.3402144255274
15.050039,0,21.5024563845701,22.0609617452083
15.075032,0,18.7099295813792,20.1061929829747
15.100096,0,15.6381500978692,17.5929188601028
15.124999,0,12.2871179340401,15.079644737231
15.150036,0,9.49459113084915,12.8456232946783
15.17503,0,6.70206432765823,10.3323491718064
15.200054,0,3.9095375244673,8.09832772925369
15.225029,0,1.39626340159546,5.86430628670095
15.250007,0,0,3.63028484414821
15.275017,0,0,1.67551608191456
15.300015,0,0,0.279252680319093
15.324983,0,0,0
15.35006,0,0,0
15.375076,0,0,0
15.399991,0,0,0
15.425102,0,0,0
15.45,0,0,0
15.475062,0,0,0
15.500031,0,0,0
15.525077,0,0,0
15.550106,0,0,0
15.574982,0,0,0
15.600057,0,0,0
15.625013,0,0,0
15.649993,0,0,0
15.675035,0,0,0
15.700102,0,0,0
15.725101,0,0,0
15.750012,0,0,0
15.775064,0,0,0
15.799983,0,0,0
15.825027,0,0,0
15.849987,0,0,0
15.875013,0,0,0
15.900133,0,0,0
15.924993,0,0,0
15.95006,0,0,0
15.974992,0,0,0
16.000044,0,0,0
16.025019,0,0,0
16.050017,0,0,0
16.075045,0,0,0
16.10008,0,0,0
16.125064,0,0,0
16.150039,0,0,0
16.175054,0,0,0
16.200023,0,0,0
16.225034,0,0,0
16.250049,0,0,0
16.274991,0,0,0
16.300111,0,0,0
16.325006,0,0,0
16.350046,0,0,0
16.375036,0,0,0
16.40006,0,0,0
16.425003,0,0,0
16.450051,0,0,0
16.474996,0,0,0
16.499986,0,0,0
16.525016,0,0,0
16.55003,0,0,0
16.575075,0,0,0
16.600048,0,0,0
16.625088,0,0,0
16.650047,0,0,0
16.674992,0,0,0
16.700067,0,0,0
16.725074,0,0,0
16.750089,0,0,0
16.774999,0,0,0
16.800121,0,0,0
16.824989,0,0,0
16.850041,0,0,0
16.875031,0,0,0
16.900102,0,0,0
16.925115,0,0,0
16.95,0,0,0
16.975126,0,0,0
17.000053,0,0,0
17.025016,0,0,0
17.049989,3.105,1.39626340159546,1.11701072127637
17.075085,3.105,10.8908545324446,10.3323491718064
17.099985,3.105,16.4759081388265,16.1966554585074
17.125013,3.105,18.9891822616983,18.9891822616983
17.150024,3.105,20.1061929829747,20.6646983436129
17.175048,3.105,20.943951023932,21.223203704251
17.200024,3.105,20.943951023932,21.7817090648892
17.22507,3.105,21.5024563845701,21.7817090648892
17.250091,3.105,21.5024563845701,22.0609617452083
17.275008,3.105,21.223203704251,22.0609617452083
17.30007,3.105,21.7817090648892,22.3402144255274
17.324991,3.105,21.223203704251,22.0609617452083
17.35003,3.105,21.7817090648892,22.3402144255274
17.375038,3.105,21.5024563845701,22.3402144255274
17.400108,3.105,21.7817090648892,22.3402144255274
17.425101,3.105,21.5024563845701,22.3402144255274
17.450015,3.105,21.5024563845701,22.0609617452083
17.475098,3.105,21.7817090648892,22.3402144255274
17.500021,3.105,21.5024563845701,22.3402144255274
17.525012,3.105,21.5024563845701,22.3402144255274
17.550063,3.105,21.7817090648892,22.3402144255274
17.575005,3.105,21.5024563845701,22.0609617452083
17.60014,3.105,21.7817090648892,22.6194671058465
17.62504,3.105,21.5024563845701,22.0609617452083
17.6501,3.105,21.7817090648892,22.3402144255274
17.675037,3.105,21.5024563845701,22.0609617452083
17.70002,3.105,21.5024563845701,22.3402144255274
17.725,3.105,21.7817090648892,22.3402144255274
17.750017,3.105,21.5024563845701,22.3402144255274
17.775146,3.105,21.7817090648892,22.3402144255274
17.800048,3.105,21.5024563845701,22.3402144255274
17.825125,3.105,21.7817090648892,22.3402144255274
17.850051,3.105,21.5024563845701,22.0609617452083
17.875033,3.105,21.7817090648892,22.3402144255274
17.900067,3.105,21.5024563845701,22.3402144255274
17.925027,3.105,21.5024563845701,22.3402144255274
17.950142,3.105,21.7817090648892,22.3402144255274
17.975031,3.105,21.7817090648892,22.3402144255274
18.000097,3.105,21.5024563845701,22.3402144255274
18.024981,3.105,21.5024563845701,22.3402144255274
18.050032,3.105,21.7817090648892,22.3402144255274
18.075042,3.105,21.5024563845701,22.3402144255274
18.100045,3.105,21.5024563845701,22.3402144255274
18.124987,3.105,21.7817090648892,22.3402144255274
18.150045,3.105,21.5024563845701,22.3402144255274
18.175069,3.105,21.5024563845701,22.3402144255274
18.199997,3.105,21.7817090648892,22.3402144255274
18.22499,3.105,21.5024563845701,22.3402144255274
18.250023,3.105,21.5024563845701,22.3402144255274
18.275057,3.105,21.7817090648892,22.6194671058465
18.300049,3.105,21.5024563845701,22.3402144255274
18.325039,3.105,21.5024563845701,22.3402144255274
18.350089,3.105,21.7817090648892,22.3402144255274
18.375031,3.105,21.5024563845701,22.3402144255274
18.400046,3.105,21.5024563845701,22.3402144255274
18.425067,3.105,21.7817090648892,22.3402144255274
18.450099,3.105,21.5024563845701,22.3402144255274
18.475049,3.105,21.7817090648892,22.3402144255274
18.500132,3.105,21.5024563845701,22.3402144255274
18.524995,3.105,21.5024563845701,22.3402144255274
18.550056,3.105,21.7817090648892,22.3402144255274
18.575031,3.105,21.5024563845701,22.3402144255274
18.600115,3.105,21.7817090648892,22.6194671058465
18.625108,3.105,21.7817090648892,22.3402144255274
18.650027,3.105,21.5024563845701,22.3402144255274
18.675099,3.105,21.7817090648892,22.3402144255274
18.70002,3.105,21.5024563845701,22.3402144255274
18.724995,3.105,21.7817090648892,22.3402144255274
18.750074,3.105,21.7817090648892,22.3402144255274
18.775004,3.105,21.5024563845701,22.3402144255274
18.800047,3.105,21.7817090648892,22.3402144255274
18.825065,3.105,21.5024563845701,22.3402144255274
18.850059,3.105,21.7817090648892,22.3402144255274
18.875001,3.105,21.5024563845701,22.3402144255274
18.900038,3.105,21.7817090648892,22.3402144255274
18.924982,3.105,21.5024563845701,22.3402144255274
18.95004,3.105,21.7817090648892,22.6194671058465
18.975027,3.105,21.5024563845701,22.3402144255274
19.000081,3.105,21.7817090648892,22.3402144255274
19.024998,3.105,21.5024563845701,22.3402144255274
19.050007,0,21.5024563845701,22.3402144255274
19.075069,0,18.7099295813792,20.1061929829747
19.100087,0,15.6381500978692,17.5929188601028
19.125091,0,12.8456232946783,15.3588974175501
19.15004,0,9.49459113084915,12.5663706143592
19.175054,0,6.70206432765823,10.6116018521255
19.200018,0,4.18879020478639,8.09832772925369
19.224987,0,1.39626340159546,6.14355896702004
19.250034,0,0,3.9095375244673
19.275083,0,0,1.67551608191456
19.300117,0,0,0.279252680319093
19.325055,0,0,0
19.3501,0,0,0
19.374989,0,0,0
19.399989,0,0,0
19.425032,0,0,0
19.450092,0,0,0
19.47513,0,0,0
19.50005,0,0,0
19.525064,0,0,0
19.550004,0,0,0
19.574993,0,0,0
19.60005,0,0,0
19.624995,0,0,0
19.650124,0,0,0
19.675024,0,0,0
19.700076,0,0,0
19.725003,0,0,0
19.750029,0,0,0
19.774984,0,0,0
19.800003,0,0,0
19.825131,0,0,0
19.850048,0,0,0
19.875107,0,0,0
19.900015,0,0,0
19.925038,0,0,0
19.949996,0,0,0
19.97502,0,0,0
20.000122,0,0,0
20.025029,0,0,0
20.049994,3.105,1.11701072127637,1.11701072127637
20.075019,3.105,10.6116018521255,10.0530964914873
20.100001,3.105,16.4759081388265,15.9174027781883
20.125074,3.105,18.9891822616983,19.2684349420174
20.150093,3.105,20.3854456632938,20.3854456632938
20.175021,3.105,20.943951023932,21.223203704251
20.200016,3.105,21.223203704251,21.7817090648892
20.224994,3.105,21.5024563845701,21.7817090648892
20.250037,3.105,21.5024563845701,22.0609617452083
20.275046,3.105,21.5024563845701,22.3402144255274
20.300048,3.105,21.5024563845701,22.0609617452083
20.3251,3.105,21.7817090648892,22.3402144255274
20.350055,3.105,21.5024563845701,22.3402144255274
20.375065,3.105,21.7817090648892,22.3402144255274
20.399983,3.105,21.5024563845701,22.0609617452083
20.425053,3.105,21.7817090648892,22.3402144255274
20.450039,3.105,21.7817090648892,22.3402144255274
20.475095,3.105,21.5024563845701,22.3402144255274
20.500111,3.105,21.7817090648892,22.3402144255274
20.524987,3.105,21.7817090648892,22.0609617452083
20.550119,3.105,21.7817090648892,22.6194671058465
20.575019,3.105,21.5024563845701,22.3402144255274
20.600053,3.105,21.7817090648892,22.3402144255274
20.625055,3.105,21.7817090648892,22.3402144255274
20.650114,3.105,21.7817090648892,22.6194671058465
20.675122,3.105,21.5024563845701,22.3402144255274
20.69999,3.105,21.7817090648892,22.0609617452083
20.725087,3.105,21.5024563845701,22.6194671058465
20.749996,3.105,21.7817090648892,22.3402144255274
20.774992,3.105,21.7817090648892,22.3402144255274
20.799987,3.105,21.5024563845701,22.3402144255274
20.825112,3.105,21.7817090648892,22.6194671058465
20.850142,3.105,21.7817090648892,22.6194671058465
20.875058,3.105,21.7817090648892,22.3402144255274
20.900079,3.105,21.7817090648892,22.3402144255274
20.925018,3.105,21.5024563845701,22.6194671058465
20.950006,3.105,21.7817090648892,22.3402144255274
20.975038,3.105,21.7817090648892,22.6194671058465
21.000089,3.105,21.5024563845701,22.3402144255274
21.025107,3.105,21.7817090648892,22.6194671058465
21.050127,0,21.5024563845701,22.3402144255274
21.075027,0,18.9891822616983,20.1061929829747
21.1,0,15.6381500978692,17.8721715404219
21.125024,0,12.8456232946783,15.3588974175501
21.150019,0,9.77384381116824,13.1248759749974
21.175109,0,6.98131700797732,10.6116018521255
21.200116,0,4.18879020478639,8.65683308989187
21.225024,0,1.67551608191456,6.14355896702004
21.250079,0,0,4.18879020478639
21.275004,0,0,1.95476876223365
21.300003,0,0,0.279252680319093
21.32506,0,0,0
21.350015,0,0,0
21.375015,0,0,0
21.400053,0,0,0
21.425127,0,0,0
21.450012,0,0,0
21.475056,0,0,0
21.500026,0,0,0
21.52506,0,0,0
21.550014,0,0,0
21.575042,0,0,0
21.60002,0,0,0
21.625025,0,0,0
21.650039,0,0,0
21.675025,0,0,0
21.70007,0,0,0
21.725048,0,0,0
21.75004,0,0,0
21.775032,0,0,0
21.799994,0,0,0
21.82502,0,0,0
21.850097,0,0,0
21.875076,0,0,0
21.899997,0,0,0
21.925123,0,0,0
21.950018,0,0,0
21.975,0,0,0
21.999988,0,0,0
22.024996,0,0,0
22.050043,0,0,0
22.075026,0,0,0
22.100067,0,0,0
22.125039,0,0,0
22.150046,0,0,0
22.175042,0,0,0
22.200052,0,0,0
22.224986,0,0,0
22.250031,0,0,0
22.275007,0,0,0
22.300016,0,0,0
22.325016,0,0,0
22.35006,0,0,0
22.375099,0,0,0
22.399987,0,0,0
22.425083,0,0,0
22.450023,0,0,0
22.475013,0,0,0
22.50003,0,0,0
22.525113,0,0,0
22.550129,0,0,0
22.575072,0,0,0
22.600104,0,0,0
22.625009,0,0,0
22.65004,0,0,0
22.674985,0,0,0
22.699999,0,0,0
22.72515,0,0,0
22.75,0,0,0
22.775037,0,0,0
22.800026,0,0,0
22.824997,0,0,0
22.849985,0,0,0
22.875018,0,0,0
22.900143,0,0,0
22.924997,0,0,0
22.950092,0,0,0
22.975025,0,0,0
23.000004,0,0,0
23.02499,0,0,0
23.050018,3.105,1.11701072127637,0.837758040957278
23.075044,3.105,10.6116018521255,9.77384381116824
23.100044,3.105,16.1966554585074,15.9174027781883
23.12509,3.105,19.2684349420174,18.9891822616983
23.150008,3.105,20.3854456632938,20.3854456632938
23.175001,3.105,20.943951023932,21.223203704251
23.200086,3.105,21.223203704251,21.7817090648892
23.225097,3.105,21.5024563845701,22.0609617452083
23.250008,3.105,21.5024563845701,21.7817090648892
23.275062,3.105,21.5024563845701,22.3402144255274
23.300064,3.105,21.7817090648892,22.3402144255274
23.325062,3.105,21.5024563845701,22.3402144255274
23.350028,3.105,21.7817090648892,22.0609617452083
23.37509,3.105,21.5024563845701,22.3402144255274
23.400097,3.105,21.7817090648892,22.3402144255274
23.425004,3.105,21.7817090648892,22.3402144255274
23.450085,3.105,21.7817090648892,22.3402144255274
23.474991,3.105,21.5024563845701,22.0609617452083
23.499989,3.105,21.7817090648892,22.3402144255274
23.525029,3.105,21.7817090648892,22.3402144255274
23.550088,3.105,21.7817090648892,22.3402144255274
23.575136,3.105,21.7817090648892,22.6194671058465
23.600001,3.105,21.5024563845701,22.0609617452083
23.625027,3.105,21.7817090648892,22.3402144255274
23.650004,3.105,21.7817090648892,22.3402144255274
23.675013,3.105,21.7817090648892,22.3402144255274
23.700073,3.105,21.7817090648892,22.6194671058465
23.725001,3.105,21.5024563845701,22.0609617452083
23.750118,3.105,21.7817090648892,22.6194671058465
23.774993,3.105,21.7817090648892,22.0609617452083
23.80007,3.105,21.7817090648892,22.6194671058465
23.825025,3.105,21.7817090648892,22.3402144255274
23.850016,3.105,21.5024563845701,22.3402144255274
23.874993,3.105,21.7817090648892,22.3402144255274
23.900126,3.105,21.7817090648892,22.6194671058465
23.924989,3.105,21.7817090648892,22.0609617452083
23.949989,3.105,21.7817090648892,22.6194671058465
23.975063,3.105,21.7817090648892,22.3402144255274
24.000046,3.105,21.7817090648892,22.3402144255274
24.025032,3.105,21.5024563845701,22.3402144255274
24.050071,3.105,21.7817090648892,22.6194671058465
24.075094,3.105,21.5024563845701,22.3402144255274
24.100052,3.105,21.7817090648892,22.6194671058465
24.125023,3.105,21.5024563845701,22.3402144255274
24.15003,3.105,21.7817090648892,22.3402144255274
24.175009,3.105,21.5024563845701,22.3402144255274
24.200003,3.105,21.5024563845701,22.3402144255274
24.225067,3.105,21.7817090648892,22.3402144255274
24.250086,3.105,21.5024563845701,22.3402144255274
24.27502,3.105,21.7817090648892,22.3402144255274
24.300073,3.105,21.5024563845701,22.3402144255274
24.325053,3.105,21.7817090648892,22.3402144255274
24.349995,3.105,21.5024563845701,22.3402144255274
24.37504,3.105,21.7817090648892,22.3402144255274
24.400087,3.105,21.5024563845701,22.3402144255274
24.425128,3.105,21.5024563845701,22.3402144255274
24.450038,3.105,21.223203704251,22.3402144255274
24.475088,3.105,21.5024563845701,22.3402144255274
24.5,3.105,21.5024563845701,22.0609617452083
24.524997,3.105,21.5024563845701,22.3402144255274
24.550018,3.105,21.5024563845701,22.3402144255274
24.575004,3.105,21.5024563845701,22.3402144255274
24.600129,3.105,21.5024563845701,22.6194671058465
24.625011,3.105,21.5024563845701,22.0609617452083
24.650054,3.105,21.5024563845701,22.6194671058465
24.675003,3.105,21.5024563845701,22.3402144255274
24.700006,3.105,21.5024563845701,22.3402144255274
24.725066,3.105,21.5024563845701,22.3402144255274
24.750001,3.105,21.5024563845701,22.3402144255274
24.775127,3.105,21.5024563845701,22.6194671058465
24.799997,3.105,21.223203704251,22.3402144255274
24.825134,3.105,21.7817090648892,22.6194671058465
24.850004,3.105,21.5024563845701,22.0609617452083
24.875053,3.105,21.5024563845701,22.6194671058465
24.900056,3.105,21.5024563845701,22.3402144255274
24.924996,3.105,21.5024563845701,22.3402144255274
24.950128,3.105,21.5024563845701,22.6194671058465
24.975031,3.105,21.5024563845701,22.3402144255274
25.000038,3.105,21.5024563845701,22.3402144255274
25.025062,3.105,21.7817090648892,22.6194671058465
25.050026,3.105,21.5024563845701,22.3402144255274
25.075065,3.105,21.5024563845701,22.3402144255274
25.100046,3.105,21.7817090648892,22.6194671058465
25.125038,3.105,21.5024563845701,22.3402144255274
25.150018,3.105,21.5024563845701,22.6194671058465
25.174982,3.105,21.7817090648892,22.3402144255274
25.200001,3.105,21.5024563845701,22.3402144255274
25.22501,3.105,21.7817090648892,22.6194671058465
25.250042,3.105,21.5024563845701,22.3402144255274
25.27506,3.105,21.5024563845701,22.3402144255274
25.300059,3.105,21.5024563845701,22.6194671058465
25.32507,3.105,21.5024563845701,22.3402144255274
25.350029,3.105,21.5024563845701,22.6194671058465
25.375021,3.105,21.5024563845701,22.3402144255274
25.400003,3.105,21.5024563845701,22.3402144255274
25.425077,3.105,21.5024563845701,22.6194671058465
25.450096,3.105,21.5024563845701,22.6194671058465
25.474987,3.105,21.223203704251,22.3402144255274
25.50007,3.105,21.7817090648892,22.6194671058465
25.52501,3.105,21.5024563845701,22.3402144255274
25.549991,3.105,21.5024563845701,22.3402144255274
25.575054,3.105,21.5024563845701,22.3402144255274
25.599993,3.105,21.5024563845701,22.6194671058465
25.625127,3.105,21.7817090648892,22.6194671058465
25.650029,3.105,21.5024563845701,22.3402144255274
25.675096,3.105,21.5024563845701,22.3402144255274
25.700029,3.105,21.5024563845701,22.3402144255274
25.725056,3.105,21.7817090648892,22.6194671058465
25.749986,3.105,21.5024563845701,22.0609617452083
25.775005,3.105,21.7817090648892,22.6194671058465
25.800122,3.105,21.5024563845701,22.3402144255274
25.825015,3.105,21.5024563845701,22.3402144255274
25.850048,3.105,21.5024563845701,22.6194671058465
25.875023,3.105,21.7817090648892,22.3402144255274
25.900022,3.105,21.5024563845701,22.3402144255274
25.925071,3.105,21.5024563845701,22.3402144255274
25.950013,3.105,21.5024563845701,22.3402144255274
25.975132,3.105,21.7817090648892,22.6194671058465
26.000046,3.105,21.5024563845701,22.3402144255274
26.025071,3.105,21.5024563845701,22.3402144255274
26.049984,3.105,21.5024563845701,22.3402144255274
26.075007,3.105,21.5024563845701,22.6194671058465
26.100007,3.105,21.7817090648892,22.3402144255274
26.125031,3.105,21.7817090648892,22.6194671058465
26.150035,3.105,21.5024563845701,22.6194671058465
26.175092,3.105,21.7817090648892,22.3402144255274
26.199977,3.105,21.5024563845701,22.6194671058465
26.224996,3.105,21.7817090648892,22.3402144255274
26.250052,3.105,21.7817090648892,22.6194671058465
26.275031,3.105,21.5024563845701,22.6194671058465
26.300025,3.105,21.7817090648892,22.6194671058465
26.325057,3.105,21.5024563845701,22.3402144255274
26.350045,3.105,21.7817090648892,22.6194671058465
26.375081,3.105,21.5024563845701,22.3402144255274
26.399985,3.105,21.7817090648892,22.6194671058465
26.425028,3.105,21.5024563845701,22.3402144255274
26.450052,3.105,21.7817090648892,22.6194671058465
26.475054,3.105,21.5024563845701,22.3402144255274
26.499994,3.105,21.5024563845701,22.6194671058465
26.525037,3.105,21.7817090648892,22.3402144255274
26.550043,3.105,21.5024563845701,22.6194671058465
26.575032,3.105,21.7817090648892,22.3402144255274
26.599992,3.105,21.5024563845701,22.6194671058465
26.625069,3.105,21.7817090648892,22.3402144255274
26.650082,3.105,21.5024563845701,22.6194671058465
26.675032,3.105,21.7817090648892,22.6194671058465
26.700077,3.105,21.5024563845701,22.3402144255274
26.724991,3.105,21.5024563845701,22.3402144255274
26.750045,3.105,21.7817090648892,22.6194671058465
26.775068,3.105,21.5024563845701,22.6194671058465
26.800088,3.105,21.7817090648892,22.3402144255274
26.825116,3.105,21.5024563845701,22.0609617452083
26.850011,3.105,21.5024563845701,22.0609617452083
26.875062,3.105,21.7817090648892,22.3402144255274
26.899987,3.105,21.5024563845701,22.0609617452083
26.925001,3.105,21.5024563845701,22.3402144255274
26.950031,3.105,21.7817090648892,22.3402144255274
26.975122,3.105,21.7817090648892,22.3402144255274
27.000133,3.105,21.5024563845701,22.6194671058465
27.025052,3.105,21.5024563845701,22.3402144255274
27.050051,3.105,21.7817090648892,22.3402144255274
27.075036,3.105,21.5024563845701,22.3402144255274
27.099992,3.105,21.5024563845701,22.3402144255274
27.125045,3.105,21.7817090648892,22.6194671058465
27.15006,3.105,21.5024563845701,22.6194671058465
27.175032,3.105,21.5024563845701,22.3402144255274
27.200008,3.105,21.7817090648892,22.3402144255274
27.225085,3.105,21.7817090648892,22.6194671058465
27.250047,3.105,21.5024563845701,22.3402144255274
27.275068,3.105,21.7817090648892,22.6194671058465
27.300047,3.105,21.7817090648892,22.3402144255274
27.325065,3.105,21.5024563845701,22.6194671058465
27.349991,3.105,21.7817090648892,22.3402144255274
27.375046,3.105,21.7817090648892,22.6194671058465
27.400041,3.105,21.5024563845701,22.3402144255274
27.425005,3.105,21.7817090648892,22.3402144255274
27.450017,3.105,21.5024563845701,22.6194671058465
27.475057,3.105,21.5024563845701,22.3402144255274
27.500101,3.105,21.7817090648892,22.6194671058465
27.525066,3.105,21.5024563845701,22.3402144255274
27.550089,3.105,21.5024563845701,22.3402144255274
27.575011,3.105,21.5024563845701,22.3402144255274
27.60003,3.105,21.5024563845701,22.3402144255274
27.625036,3.105,21.7817090648892,22.3402144255274
27.650104,3.105,21.5024563845701,22.6194671058465
27.675107,3.105,21.5024563845701,22.3402144255274
27.700007,3.105,21.5024563845701,22.3402144255274
27.725082,3.105,21.7817090648892,22.3402144255274
27.750017,3.105,21.5024563845701,22.3402144255274
27.775028,3.105,21.5024563845701,22.3402144255274
27.800072,3.105,21.7817090648892,22.3402144255274
27.825014,3.105,21.5024563845701,22.3402144255274
27.850066,3.105,21.7817090648892,22.3402144255274
27.875068,3.105,21.5024563845701,22.3402144255274
27.90008,3.105,21.7817090648892,22.6194671058465
27.925001,3.105,21.5024563845701,22.3402144255274
27.949989,3.105,21.7817090648892,22.3402144255274
27.975017,3.105,21.7817090648892,22.3402144255274
28.000026,3.105,21.5024563845701,22.6194671058465
28.025035,3.105,21.7817090648892,22.3402144255274
28.050013,3.105,21.5024563845701,22.3402144255274
28.075005,3.105,21.7817090648892,22.6194671058465
28.10004,3.105,21.7817090648892,22.3402144255274
28.125013,3.105,21.5024563845701,22.3402144255274
28.150057,3.105,21.7817090648892,22.6194671058465
28.175118,3.105,21.7817090648892,22.6194671058465
28.199986,3.105,21.5024563845701,22.3402144255274
28.225074,3.105,21.7817090648892,22.6194671058465
28.250003,3.105,21.7817090648892,22.3402144255274
28.274989,3.105,21.7817090648892,22.3402144255274
28.300051,3.105,21.5024563845701,22.6194671058465
28.325121,3.105,21.7817090648892,22.3402144255274
28.350143,3.105,21.7817090648892,22.6194671058465
28.375037,3.105,21.5024563845701,22.3402144255274
28.400075,3.105,21.5024563845701,22.6194671058465
28.425033,3.105,21.7817090648892,22.3402144255274
28.450022,3.105,21.5024563845701,22.6194671058465
28.475038,3.105,21.7817090648892,22.3402144255274
28.500007,3.105,21.5024563845701,22.6194671058465
28.525104,3.105,21.7817090648892,22.3402144255274
28.550066,3.105,21.5024563845701,22.3402144255274
28.575062,3.105,21.5024563845701,22.6194671058465
28.599995,3.105,21.5024563845701,22.0609617452083
28.625007,3.105,21.5024563845701,22.3402144255274
28.650067,3.105,21.7817090648892,22.6194671058465
28.6751,3.105,21.7817090648892,22.3402144255274
28.700121,3.105,21.5024563845701,22.6194671058465
28.725058,3.105,21.5024563845701,22.3402144255274
28.750128,3.105,21.7817090648892,22.3402144255274
28.77502,3.105,21.5024563845701,22.3402144255274
28.800008,3.105,21.5024563845701,22.3402144255274
28.824994,3.105,21.5024563845701,22.3402144255274
28.850006,3.105,21.5024563845701,22.3402144255274
28.875118,3.105,21.7817090648892,22.6194671058465
28.900039,3.105,21.7817090648892,22.3402144255274
28.925049,3.105,21.5024563845701,22.6194671058465
28.95003,3.105,21.5024563845701,22.3402144255274
28.975019,3.105,21.5024563845701,22.3402144255274
29.000064,3.105,21.7817090648892,22.3402144255274
29.025003,3.105,21.5024563845701,22.6194671058465
29.050038,0,21.223203704251,22.0609617452083
29.075067,0,18.7099295813792,20.3854456632938
29.099988,0,15.3588974175501,17.5929188601028
29.125046,0,12.5663706143592,15.079644737231
29.150014,0,9.49459113084915,12.8456232946783
29.175009,0,6.70206432765823,10.6116018521255
29.20002,0,4.18879020478639,8.37758040957278
29.225052,0,1.39626340159546,6.14355896702004
29.250058,0,0,3.9095375244673
29.275091,0,0,1.95476876223365
29.299991,0,0,0.279252680319093
29.325007,0,0,0
29.349996,0,0,0
29.375035,0,0,0
29.400002,0,0,0
29.425073,0,0,0
29.450101,0,0,0
29.475049,0,0,0
29.500036,0,0,0
29.525058,0,0,0
29.550068,0,0,0
29.575038,0,0,0
29.600078,0,0,0
29.624995,0,0,0
29.650022,0,0,0
29.675025,0,0,0
29.700081,0,0,0
29.725098,0,0,0
29.750059,0,0,0
29.775089,0,0,0
29.799989,0,0,0
29.824996,0,0,0
29.850016,0,0,0
29.875093,0,0,0
29.900115,0,0,0
29.925034,0,0,0
29.950084,0,0,0
29.975017,0,0,0
30.000023,0,0,0
30.025064,0,0,0
30.050012,0,0,0
30.075055,0,0,0
30.099994,0,0,0
30.125001,0,0,0
30.150049,0,0,0
30.175002,0,0,0
30.200036,0,0,0
30.225061,0,0,0
30.250006,0,0,0
30.275071,0,0,0
30.300027,0,0,0
30.324995,0,0,0
30.349983,0,0,0
30.375071,0,0,0
30.400096,0,0,0
30.425019,0,0,0
30.450068,0,0,0
30.475012,0,0,0
30.499984,0,0,0
30.525064,0,0,0
30.550109,0,0,0
30.575128,0,0,0
30.600041,0,0,0
30.625073,0,0,0
30.649993,0,0,0
30.675014,0,0,0
30.700076,0,0,0
30.72501,0,0,0
30.750121,0,0,0
30.775057,0,0,0
30.800096,0,0,0
30.825053,0,0,0
30.850015,0,0,0
30.875004,0,0,0
30.899996,0,0,0
30.925115,0,0,0
30.949985,0,0,0
30.975086,0,0,0
31.000038,0,0,0
31.024992,0,0,0
31.050038,0,0,0
31.075055,0,0,0
31.099989,0,0,0
31.125001,0,0,0
31.150083,0,0,0
31.175015,0,0,0
31.199988,0,0,0
31.22503,0,0,0
31.250058,0,0,0
31.275045,0,0,0
31.300067,0,0,0
31.325055,0,0,0
31.350063,0,0,0
31.37502,0,0,0
31.400088,0,0,0
31.425091,0,0,0
31.449988,0,0,0
31.475079,0,0,0
31.500024,0,0,0
31.524985,0,0,0
31.549983,0,0,0
31.575122,0,0,0
31.600124,0,0,0
31.625054,0,0,0
31.650049,0,0,0
31.675005,0,0,0
31.700014,0,0,0
31.72505,0,0,0
31.749996,0,0,0
31.775135,0,0,0
31.800015,0,0,0
31.82509,0,0,0
31.850002,0,0,0
31.874995,0,0,0
31.900006,0,0,0
31.925126,0,0,0
31.950133,0,0,0
31.975036,0,0,0
32.000081,0,0,0
32.025041,0,0,0
32.050043,3.105,0.558505360638185,0.558505360638185
32.07508,3.105,9.77384381116824,9.77384381116824
32.100084,3.105,16.1966554585074,15.9174027781883
32.12503,3.105,18.9891822616983,18.7099295813792
32.15001,3.105,20.3854456632938,20.3854456632938
32.175016,3.105,20.6646983436129,21.223203704251
32.200051,3.105,21.223203704251,21.5024563845701
32.224988,3.105,21.5024563845701,21.7817090648892
32.250041,3.105,21.223203704251,22.0609617452083
32.275073,3.105,21.7817090648892,22.0609617452083
32.300006,3.105,21.5024563845701,22.0609617452083
32.325087,3.105,21.5024563845701,22.3402144255274
32.350022,3.105,21.5024563845701,22.0609617452083
32.375057,3.105,21.7817090648892,22.0609617452083
32.400011,3.105,21.5024563845701,22.3402144255274
32.42511,3.105,21.7817090648892,22.3402144255274
32.4501,3.105,21.5024563845701,22.0609617452083
32.475067,3.105,21.5024563845701,22.3402144255274
32.500072,3.105,21.5024563845701,22.0609617452083
32.525053,3.105,21.7817090648892,22.3402144255274
32.550017,3.105,21.5024563845701,22.0609617452083
32.575034,3.105,21.5024563845701,22.3402144255274
32.600102,3.105,21.7817090648892,22.3402144255274
32.625128,3.105,21.7817090648892,22.0609617452083
32.650046,3.105,21.5024563845701,22.3402144255274
32.675111,3.105,21.5024563845701,22.3402144255274
32.700026,3.105,21.7817090648892,22.0609617452083
32.724982,3.105,21.5024563845701,22.3402144255274
32.750068,3.105,21.7817090648892,22.3402144255274
32.775014,3.105,21.5024563845701,22.3402144255274
32.800138,3.105,21.5024563845701,22.6194671058465
32.825018,3.105,21.5024563845701,22.0609617452083
32.850051,3.105,21.7817090648892,22.3402144255274
32.875021,3.105,21.5024563845701,22.6194671058465
32.900005,3.105,21.5024563845701,22.3402144255274
32.924997,3.105,21.5024563845701,22.3402144255274
32.950008,3.105,21.7817090648892,22.3402144255274
32.975147,3.105,21.7817090648892,22.3402144255274
32.99998,3.105,21.223203704251,22.3402144255274
33.025108,3.105,21.7817090648892,22.6194671058465
33.050024,3.105,21.5024563845701,22.3402144255274
33.075054,3.105,21.7817090648892,22.3402144255274
33.100023,3.105,21.5024563845701,22.6194671058465
33.125024,3.105,21.7817090648892,22.3402144255274
33.150147,3.105,21.7817090648892,22.3402144255274
33.175005,3.105,21.5024563845701,22.3402144255274
33.20005,3.105,21.5024563845701,22.3402144255274
33.225054,3.105,21.7817090648892,22.6194671058465
33.250048,3.105,21.5024563845701,22.3402144255274
33.274998,3.105,21.5024563845701,22.3402144255274
33.300039,3.105,21.7817090648892,22.3402144255274
33.325023,3.105,21.5024563845701,22.3402144255274
33.350057,3.105,21.7817090648892,22.6194671058465
33.375104,3.105,21.5024563845701,22.3402144255274
33.400017,3.105,21.7817090648892,22.3402144255274
33.425055,3.105,21.7817090648892,22.3402144255274
33.450029,3.105,21.5024563845701,22.3402144255274
33.475055,3.105,21.5024563845701,22.6194671058465
33.500001,3.105,21.7817090648892,22.3402144255274
33.525053,3.105,21.5024563845701,22.3402144255274
33.550074,3.105,21.7817090648892,22.3402144255274
33.574993,3.105,21.5024563845701,22.3402144255274
33.600044,3.105,21.5024563845701,22.6194671058465
33.625046,3.105,21.5024563845701,22.3402144255274
33.650058,3.105,21.7817090648892,22.3402144255274
33.674995,3.105,21.5024563845701,22.3402144255274
33.700011,3.105,21.7817090648892,22.3402144255274
33.725006,3.105,21.5024563845701,22.3402144255274
33.750043,3.105,21.5024563845701,22.6194671058465
33.77502,3.105,21.7817090648892,22.3402144255274
33.800081,3.105,21.5024563845701,22.3402144255274
33.82509,3.105,21.7817090648892,22.3402144255274
33.850001,3.105,21.5024563845701,22.3402144255274
33.875073,3.105,21.7817090648892,22.6194671058465
33.899985,3.105,21.5024563845701,22.3402144255274
33.925033,3.105,21.7817090648892,22.3402144255274
33.950045,3.105,21.5024563845701,22.3402144255274
33.975009,3.105,21.7817090648892,22.3402144255274
34.000124,3.105,21.7817090648892,22.6194671058465
34.025046,3.105,21.5024563845701,22.0609617452083
34.050086,3.105,21.7817090648892,22.6194671058465
34.07502,3.105,21.7817090648892,22.3402144255274
34.100015,3.105,21.7817090648892,22.3402144255274
34.124996,3.105,21.7817090648892,22.3402144255274
34.150016,3.105,21.5024563845701,22.3402144255274
34.175147,3.105,22.0609617452083,22.3402144255274
34.199988,3.105,21.5024563845701,22.3402144255274
34.225094,3.105,21.7817090648892,22.3402144255274
34.250054,3.105,21.5024563845701,22.3402144255274
34.274994,3.105,21.7817090648892,22.3402144255274
34.299997,3.105,21.7817090648892,22.3402144255274
34.325001,3.105,21.7817090648892,22.3402144255274
34.350096,3.105,21.7817090648892,22.6194671058465
34.375019,3.105,21.5024563845701,22.3402144255274
34.400091,3.105,21.7817090648892,22.3402144255274
34.424996,3.105,21.5024563845701,22.3402144255274
34.450004,3.105,21.7817090648892,22.3402144255274
34.475053,3.105,21.7817090648892,22.3402144255274
34.499997,3.105,21.5024563845701,22.3402144255274
34.525103,3.105,21.7817090648892,22.6194671058465
34.550056,3.105,21.7817090648892,22.3402144255274
34.575069,3.105,21.5024563845701,22.6194671058465
34.600049,3.105,21.7817090648892,22.3402144255274
34.625,3.105,21.7817090648892,22.3402144255274
34.650007,3.105,21.7817090648892,22.3402144255274
34.675082,3.105,21.7817090648892,22.6194671058465
34.700111,3.105,21.7817090648892,22.3402144255274
34.725034,3.105,21.5024563845701,22.3402144255274
34.750112,3.105,21.7817090648892,22.6194671058465
34.77504,3.105,21.7817090648892,22.3402144255274
34.800013,3.105,21.5024563845701,22.3402144255274
34.825063,3.105,21.7817090648892,22.3402144255274
34.850002,3.105,21.7817090648892,22.6194671058465
34.875118,3.105,21.7817090648892,22.6194671058465
34.900043,3.105,21.5024563845701,22.3402144255274
34.925096,3.105,21.7817090648892,22.3402144255274
34.950004,3.105,21.5024563845701,22.3402144255274
34.975013,3.105,21.7817090648892,22.6194671058465
34.999985,3.105,21.7817090648892,22.3402144255274
35.025006,3.105,21.7817090648892,22.6194671058465
35.050052,0,21.223203704251,22.0609617452083
35.075083,0,18.9891822616983,20.3854456632938
35.100083,0,15.6381500978692,17.5929188601028
35.125034,0,12.5663706143592,15.3588974175501
35.150015,0,9.77384381116824,12.8456232946783
35.175084,0,6.98131700797732,10.6116018521255
35.200079,0,4.46804288510548,8.37758040957278
35.225057,0,1.67551608191456,6.14355896702004
35.250058,0,0,4.18879020478639
35.275006,0,0,2.23402144255274
35.299994,0,0,0.279252680319093
35.325045,0,0,0
35.350059,0,0,0
35.375102,0,0,0
35.400013,0,0,0
35.425029,0,0,0
35.449989,0,0,0
35.474979,0,0,0
35.500006,0,0,0
35.525089,0,0,0
35.550113,0,0,0
35.575011,0,0,0
35.60006,0,0,0
35.624986,0,0,0
35.649989,0,0,0
35.675023,0,0,0
35.700093,0,0,0
35.725127,0,0,0
35.749998,0,0,0
35.775084,0,0,0
35.800006,0,0,0
35.825038,0,0,0
35.850045,0,0,0
35.875102,0,0,0
35.900142,0,0,0
35.925044,0,0,0
35.950035,0,0,0
35.975046,0,0,0
36.000025,0,0,0
36.024992,0,0,0
36.050022,3.105,1.11701072127637,1.11701072127637
36.075026,3.105,10.6116018521255,10.0530964914873
36.178729,3.105,80.7040246122178,80.4247719318987
36.200012,3.105,18.151424220741,18.4306769010601
36.225024,3.105,21.5024563845701,22.0609617452083
36.250111,3.105,21.7817090648892,22.0609617452083
36.275142,3.105,21.7817090648892,22.3402144255274
36.300018,3.105,21.5024563845701,22.0609617452083
36.325095,3.105,21.5024563845701,22.3402144255274
36.350025,3.105,21.7817090648892,22.0609617452083
36.375056,3.105,21.7817090648892,22.3402144255274
36.399988,3.105,21.5024563845701,22.3402144255274
36.425018,3.105,21.7817090648892,22.3402144255274
36.450136,3.105,21.7817090648892,22.3402144255274
36.475023,3.105,21.5024563845701,22.0609617452083
36.500025,3.105,21.7817090648892,22.3402144255274
36.525054,3.105,21.7817090648892,22.0609617452083
36.549999,3.105,21.7817090648892,22.3402144255274
36.574996,3.105,21.7817090648892,22.3402144255274
36.600009,3.105,21.7817090648892,22.3402144255274
36.625051,3.105,21.7817090648892,22.3402144255274
36.650043,3.105,21.5024563845701,22.3402144255274
36.674989,3.105,21.7817090648892,22.3402144255274
36.700033,3.105,21.7817090648892,22.3402144255274
36.725065,3.105,21.7817090648892,22.3402144255274
36.750071,3.105,21.7817090648892,22.3402144255274
36.775047,3.105,21.7817090648892,22.6194671058465
36.800031,3.105,21.7817090648892,22.3402144255274
36.825082,3.105,21.7817090648892,22.3402144255274
36.850017,3.105,21.7817090648892,22.3402144255274
36.875032,3.105,21.7817090648892,22.6194671058465
36.900003,3.105,21.7817090648892,22.3402144255274
36.925075,3.105,21.7817090648892,22.3402144255274
36.950089,3.105,21.7817090648892,22.3402144255274
36.975053,3.105,21.5024563845701,22.6194671058465
37.000069,3.105,21.7817090648892,22.3402144255274
37.02505,3.105,21.7817090648892,22.3402144255274
37.050017,0,21.5024563845701,22.3402144255274
37.075003,0,18.9891822616983,20.1061929829747
37.100097,0,15.9174027781883,17.8721715404219
37.12516,0,12.8456232946783,15.3588974175501
37.150003,0,10.0530964914873,12.8456232946783
37.175073,0,7.26056968829641,10.8908545324446
37.2,0,4.46804288510548,8.65683308989187
37.225018,0,1.95476876223365,6.42281164733913
37.250073,0,0.279252680319093,4.46804288510548
37.275,0,0,2.23402144255274
37.300128,0,0,0.558505360638185
37.325071,0,0,0
37.350054,0,0,0
37.375006,0,0,0
37.399981,0,0,0
37.425048,0,0,0
37.450092,0,0,0
37.475123,0,0,0
37.500001,0,0,0
37.525058,0,0,0
37.549984,0,0,0
37.575051,0,0,0
37.600059,0,0,0
37.625109,0,0,0
37.650108,0,0,0
37.675022,0,0,0
37.700049,0,0,0
37.725033,0,0,0
37.750007,0,0,0
37.775028,0,0,0
37.800007,0,0,0
37.82512,0,0,0
37.850026,0,0,0
37.875074,0,0,0
37.899992,0,0,0
37.925002,0,0,0
37.950046,0,0,0
37.975097,0,0,0
38.000116,0,0,0
38.025037,0,0,0
38.049989,3.105,0.837758040957278,0.837758040957278
38.07499,3.105,10.6116018521255,9.77384381116824
38.100046,3.105,16.4759081388265,15.9174027781883
38.125002,3.105,19.2684349420174,18.9891822616983
38.150008,3.105,20.3854456632938,20.3854456632938
38.175139,3.105,21.223203704251,21.223203704251
38.200015,3.105,21.223203704251,21.5024563845701
38.225081,3.105,21.7817090648892,22.0609617452083
38.250053,3.105,21.5024563845701,22.0609617452083
38.275001,3.105,21.7817090648892,22.3402144255274
38.299999,3.105,21.5024563845701,22.0609617452083
38.325003,3.105,21.7817090648892,22.3402144255274
38.350146,3.105,22.0609617452083,22.6194671058465
38.374995,3.105,21.5024563845701,22.0609617452083
38.400082,3.105,21.7817090648892,22.6194671058465
38.42501,3.105,21.7817090648892,22.0609617452083
38.450054,3.105,21.7817090648892,22.6194671058465
38.475009,3.105,21.7817090648892,22.3402144255274
38.500033,3.105,21.7817090648892,22.3402144255274
38.525143,3.105,22.0609617452083,22.3402144255274
38.550038,3.105,21.7817090648892,22.3402144255274
38.575028,3.105,21.5024563845701,22.3402144255274
38.600058,3.105,22.0609617452083,22.3402144255274
38.62503,3.105,21.7817090648892,22.3402144255274
38.650003,3.105,21.7817090648892,22.3402144255274
38.675007,3.105,21.7817090648892,22.3402144255274
38.700125,3.105,21.7817090648892,22.6194671058465
38.725045,3.105,21.7817090648892,22.3402144255274
38.750073,3.105,21.7817090648892,22.3402144255274
38.774985,3.105,21.7817090648892,22.6194671058465
38.800019,3.105,21.7817090648892,22.3402144255274
38.825013,3.105,21.7817090648892,22.3402144255274
38.850112,3.105,21.7817090648892,22.6194671058465
38.875127,3.105,21.7817090648892,22.6194671058465
38.900073,3.105,21.7817090648892,22.3402144255274
38.925026,3.105,21.7817090648892,22.3402144255274
38.95003,3.105,21.5024563845701,22.6194671058465
38.974981,3.105,21.7817090648892,22.3402144255274
38.999981,3.105,21.7817090648892,22.6194671058465
39.025114,3.105,22.0609617452083,22.3402144255274
39.050038,3.105,21.5024563845701,22.3402144255274
39.075039,3.105,21.7817090648892,22.6194671058465
39.10007,3.105,21.7817090648892,22.3402144255274
39.124987,3.105,21.7817090648892,22.6194671058465
39.14998,3.105,21.7817090648892,22.3402144255274
39.175064,3.105,21.7817090648892,22.6194671058465
39.200112,3.105,21.7817090648892,22.3402144255274
39.225042,3.105,21.7817090648892,22.3402144255274
39.250007,3.105,21.7817090648892,22.6194671058465
39.275008,3.105,21.7817090648892,22.3402144255274
39.300004,3.105,21.7817090648892,22.3402144255274
39.324988,3.105,21.7817090648892,22.3402144255274
39.350055,3.105,22.0609617452083,22.6194671058465
39.375089,3.105,21.7817090648892,22.3402144255274
39.40002,3.105,21.7817090648892,22.3402144255274
39.425016,3.105,21.7817090648892,22.6194671058465
39.450043,3.105,21.7817090648892,22.3402144255274
39.475019,3.105,21.7817090648892,22.3402144255274
39.500018,3.105,21.5024563845701,22.6194671058465
39.52508,3.105,21.7817090648892,22.6194671058465
39.550115,3.105,21.7817090648892,22.3402144255274
39.575033,3.105,21.7817090648892,22.3402144255274
39.600048,3.105,21.7817090648892,22.6194671058465
39.625033,3.105,21.7817090648892,22.3402144255274
39.650052,3.105,21.7817090648892,22.6194671058465
39.675047,3.105,21.7817090648892,22.3402144255274
39.699998,3.105,21.5024563845701,22.3402144255274
39.72514,3.105,22.0609617452083,22.6194671058465
39.75003,3.105,21.5024563845701,22.3402144255274
39.775098,3.105,21.7817090648892,22.6194671058465
39.800009,3.105,21.7817090648892,22.3402144255274
39.824999,3.105,21.7817090648892,22.3402144255274
39.850059,3.105,21.7817090648892,22.3402144255274
39.875009,3.105,21.7817090648892,22.3402144255274
39.900118,3.105,21.7817090648892,22.3402144255274
39.925024,3.105,21.7817090648892,22.3402144255274
39.95008,3.105,21.7817090648892,22.3402144255274
39.975027,3.105,21.7817090648892,22.3402144255274
39.999987,3.105,21.7817090648892,22.0609617452083
40.025058,3.105,21.7817090648892,22.6194671058465
40.050037,3.105,21.7817090648892,22.0609617452083
40.075033,3.105,21.7817090648892,22.3402144255274
40.178691,3.105,90.198615743067,92.7118898659388
40.199985,3.105,18.4306769010601,19.2684349420174
40.225079,3.105,21.7817090648892,22.3402144255274
40.250116,3.105,21.7817090648892,22.3402144255274
40.27513,3.105,21.7817090648892,22.3402144255274
40.300008,3.105,21.5024563845701,22.3402144255274
40.325046,3.105,21.7817090648892,22.3402144255274
40.349984,3.105,21.5024563845701,22.3402144255274
40.37502,3.105,21.7817090648892,22.3402144255274
40.40005,3.105,21.7817090648892,22.3402144255274
40.425123,3.105,21.7817090648892,22.6194671058465
40.450139,3.105,21.7817090648892,22.3402144255274
40.474994,3.105,21.5024563845701,22.0609617452083
40.500122,3.105,22.0609617452083,22.6194671058465
40.525025,3.105,21.5024563845701,22.3402144255274
40.550019,3.105,21.7817090648892,22.3402144255274
40.574981,3.105,21.7817090648892,22.3402144255274
40.600001,3.105,22.0609617452083,22.3402144255274
40.625128,3.105,21.7817090648892,22.6194671058465
40.650053,3.105,21.7817090648892,22.3402144255274
40.675065,3.105,21.7817090648892,22.3402144255274
40.700018,3.105,21.7817090648892,22.3402144255274
40.724985,3.105,22.0609617452083,22.3402144255274
40.75005,3.105,21.7817090648892,22.3402144255274
40.774999,3.105,21.7817090648892,22.3402144255274
40.800124,3.105,22.0609617452083,22.3402144255274
40.825023,3.105,21.7817090648892,22.3402144255274
40.850069,3.105,21.7817090648892,22.3402144255274
40.874988,3.105,21.7817090648892,22.3402144255274
40.899994,3.105,22.0609617452083,22.3402144255274
40.92507,3.105,21.7817090648892,22.6194671058465
40.950026,3.105,21.7817090648892,22.3402144255274
40.975149,3.105,22.0609617452083,22.3402144255274
41.000034,3.105,21.7817090648892,22.3402144255274
41.025086,3.105,21.7817090648892,22.3402144255274
41.050018,0,21.5024563845701,22.0609617452083
41.075017,0,18.9891822616983,20.1061929829747
41.100033,0,15.9174027781883,17.5929188601028
41.125066,0,13.1248759749974,15.079644737231
41.15003,0,10.0530964914873,12.5663706143592
41.175058,0,7.5398223686155,10.6116018521255
41.200015,0,4.74729556542458,8.09832772925369
41.225006,0,2.23402144255274,6.14355896702004
41.250005,0,0.279252680319093,3.9095375244673
41.275054,0,0,1.95476876223365
41.300061,0,0,0.279252680319093
41.32504,0,0,0
41.350049,0,0,0
41.374989,0,0,0
41.400051,0,0,0
41.425059,0,0,0
41.450051,0,0,0
41.475081,0,0,0
41.500057,0,0,0
41.525053,0,0,0
41.550018,0,0,0
41.57501,0,0,0
41.60002,0,0,0
41.625095,0,0,0
41.650101,0,0,0
41.674997,0,0,0
41.700056,0,0,0
41.725048,0,0,0
41.749981,0,0,0
41.775003,0,0,0
41.800058,0,0,0
41.82509,0,0,0
41.849986,0,0,0
41.875032,0,0,0
41.899991,0,0,0
41.925016,0,0,0
41.950004,0,0,0
41.975059,0,0,0
42.000095,0,0,0
42.025005,0,0,0
42.050083,0,0,0
42.075029,0,0,0
42.1,0,0,0
42.124986,0,0,0
42.150013,0,0,0
42.175129,0,0,0
42.200033,0,0,0
42.225062,0,0,0
42.250029,0,0,0
42.27501,0,0,0
42.30006,0,0,0
42.325022,0,0,0
42.350133,0,0,0
42.375068,0,0,0
42.40003,0,0,0
42.425045,0,0,0
42.450018,0,0,0
42.474989,0,0,0
42.499998,0,0,0
42.525142,0,0,0
42.549986,0,0,0
42.575062,0,0,0
42.599986,0,0,0
42.625033,0,0,0
42.649998,0,0,0
42.675025,0,0,0
42.700032,0,0,0
42.725011,0,0,0
42.750073,0,0,0
42.775004,0,0,0
42.800043,0,0,0
42.825026,0,0,0
42.850035,0,0,0
42.875044,0,0,0
42.900024,0,0,0
42.925015,0,0,0
42.950003,0,0,0
42.97501,0,0,0
43.000015,0,0,0
43.025044,0,0,0
43.050133,3.105,1.11701072127637,1.11701072127637
43.075053,3.105,10.8908545324446,10.0530964914873
43.100048,3.105,16.7551608191456,15.9174027781883
43.125048,3.105,19.2684349420174,18.9891822616983
43.150039,3.105,20.3854456632938,20.1061929829747
43.175095,3.105,21.223203704251,21.223203704251
43.2001,3.105,21.223203704251,21.5024563845701
43.225008,3.105,21.5024563845701,21.5024563845701
43.250057,3.105,21.5024563845701,22.0609617452083
43.274994,3.105,21.5024563845701,22.0609617452083
43.299984,3.105,21.7817090648892,22.0609617452083
43.325033,3.105,21.7817090648892,22.0609617452083
43.350093,3.105,21.7817090648892,22.3402144255274
43.37513,3.105,21.7817090648892,22.3402144255274
43.40004,3.105,21.5024563845701,22.0609617452083
43.42506,3.105,21.7817090648892,22.0609617452083
43.450032,3.105,21.7817090648892,22.3402144255274
43.475048,3.105,21.7817090648892,22.3402144255274
43.500032,3.105,21.7817090648892,22.0609617452083
43.525069,3.105,21.7817090648892,22.0609617452083
43.550127,3.105,21.7817090648892,22.3402144255274
43.575052,3.105,21.7817090648892,22.3402144255274
43.600042,3.105,21.7817090648892,22.0609617452083
43.625019,3.105,21.7817090648892,22.3402144255274
43.649999,3.105,21.7817090648892,22.0609617452083
43.675052,3.105,22.0609617452083,22.3402144255274
43.700095,3.105,21.7817090648892,22.3402144255274
43.725137,3.105,21.7817090648892,22.3402144255274
43.750047,3.105,21.7817090648892,22.0609617452083
43.775101,3.105,22.0609617452083,22.3402144255274
43.800031,3.105,21.7817090648892,22.0609617452083
43.825022,3.105,21.7817090648892,22.3402144255274
43.85,3.105,21.7817090648892,22.0609617452083
43.875006,3.105,21.7817090648892,22.3402144255274
43.900123,3.105,22.0609617452083,22.3402144255274
43.925057,3.105,21.7817090648892,22.3402144255274
43.950099,3.105,21.7817090648892,22.3402144255274
43.975028,3.105,21.7817090648892,22.0609617452083
44.000046,3.105,22.0609617452083,22.3402144255274
44.025068,3.105,21.7817090648892,22.3402144255274
44.050076,0,21.5024563845701,22.0609617452083
44.075063,0,19.2684349420174,20.3854456632938
44.100057,0,16.1966554585074,17.5929188601028
44.125084,0,13.1248759749974,15.079644737231
44.150023,0,10.3323491718064,12.8456232946783
44.175,0,7.8190750489346,10.6116018521255
44.200069,0,5.02654824574367,8.37758040957278
44.225091,0,2.51327412287183,6.42281164733913
44.249993,0,0.279252680319093,4.18879020478639
44.274998,0,0,2.23402144255274
44.299994,0,0,0.279252680319093
44.325024,0,0,0
44.350016,0,0,0
44.375089,0,0,0
44.40012,0,0,0
44.425061,0,0,0
44.45009,0,0,0
44.475054,0,0,0
44.499991,0,0,0
44.525035,0,0,0
44.550028,0,0,0
44.575138,0,0,0
44.600017,0,0,0
44.625087,0,0,0
44.650018,0,0,0
44.674989,0,0,0
44.700043,0,0,0
44.725001,0,0,0
44.750117,0,0,0
44.77504,0,0,0
44.800114,0,0,0
44.824987,0,0,0
44.849997,0,0,0
44.875025,0,0,0
44.900105,0,0,0
44.925119,0,0,0
44.949986,0,0,0
44.975036,0,0,0
45.000006,0,0,0
45.025013,0,0,0
45.05,3.105,1.11701072127637,1.11701072127637
45.075074,3.105,10.8908545324446,10.0530964914873
45.100048,3.105,16.4759081388265,15.6381500978692
45.125026,3.105,19.2684349420174,18.7099295813792
45.150069,3.105,20.6646983436129,20.3854456632938
45.175059,3.105,21.223203704251,21.223203704251
45.199999,3.105,21.223203704251,21.5024563845701
45.225066,3.105,21.7817090648892,22.0609617452083
45.250065,3.105,21.5024563845701,21.7817090648892
45.275041,3.105,21.7817090648892,22.3402144255274
45.300018,3.105,21.7817090648892,22.0609617452083
45.325027,3.105,21.7817090648892,22.0609617452083
45.350022,3.105,21.7817090648892,22.3402144255274
45.374998,3.105,21.7817090648892,22.3402144255274
45.400067,3.105,21.7817090648892,22.3402144255274
45.425092,3.105,22.0609617452083,22.0609617452083
45.450045,3.105,21.7817090648892,22.3402144255274
45.475004,3.105,21.7817090648892,22.0609617452083
45.500025,3.105,21.7817090648892,22.3402144255274
45.525053,3.105,21.7817090648892,22.3402144255274
45.550043,3.105,22.0609617452083,22.3402144255274
45.575097,3.105,21.7817090648892,22.3402144255274
45.600129,3.105,21.7817090648892,22.3402144255274
45.624993,3.105,21.7817090648892,22.0609617452083
45.650099,3.105,22.0609617452083,22.3402144255274
45.674982,3.105,21.7817090648892,22.3402144255274
45.700062,3.105,21.7817090648892,22.3402144255274
45.725012,3.105,22.0609617452083,22.0609617452083
45.750017,3.105,21.7817090648892,22.3402144255274
45.775033,3.105,21.7817090648892,22.3402144255274
45.800006,3.105,21.7817090648892,22.3402144255274
45.825087,3.105,21.7817090648892,22.3402144255274
45.850013,3.105,21.7817090648892,22.0609617452083
45.875026,3.105,21.7817090648892,22.3402144255274
45.900053,3.105,22.0609617452083,22.3402144255274
45.925054,3.105,21.7817090648892,22.3402144255274
45.950064,3.105,21.7817090648892,22.3402144255274
45.97501,3.105,21.7817090648892,22.3402144255274
46.000021,3.105,21.7817090648892,22.3402144255274
46.025017,3.105,21.7817090648892,22.3402144255274
46.050063,3.105,21.7817090648892,22.3402144255274
46.075108,3.105,22.0609617452083,22.3402144255274
46.100128,3.105,21.7817090648892,22.3402144255274
46.125003,3.105,21.5024563845701,22.0609617452083
46.150095,3.105,22.0609617452083,22.3402144255274
46.175031,3.105,21.7817090648892,22.3402144255274
46.199993,3.105,21.7817090648892,22.3402144255274
46.225022,3.105,21.7817090648892,22.3402144255274
46.250093,3.105,22.0609617452083,22.3402144255274
46.275141,3.105,21.7817090648892,22.3402144255274
46.299994,3.105,21.7817090648892,22.3402144255274
46.325124,3.105,22.0609617452083,22.3402144255274
46.35004,3.105,21.7817090648892,22.3402144255274
46.375041,3.105,21.7817090648892,22.3402144255274
46.399992,3.105,21.7817090648892,22.3402144255274
46.425025,3.105,22.0609617452083,22.3402144255274
46.450151,3.105,21.7817090648892,22.3402144255274
46.475063,3.105,21.7817090648892,22.3402144255274
46.500031,3.105,21.7817090648892,22.3402144255274
46.525032,3.105,22.0609617452083,22.3402144255274
46.550059,3.105,21.7817090648892,22.3402144255274
46.57503,3.105,21.7817090648892,22.3402144255274
46.600028,3.105,21.7817090648892,22.3402144255274
46.625152,3.105,22.0609617452083,22.6194671058465
46.64999,3.105,21.7817090648892,22.0609617452083
46.675047,3.105,21.7817090648892,22.6194671058465
46.700017,3.105,21.7817090648892,22.3402144255274
46.725016,3.105,21.7817090648892,22.3402144255274
46.750006,3.105,21.7817090648892,22.3402144255274
46.775028,3.105,22.0609617452083,22.3402144255274
46.800031,3.105,21.7817090648892,22.3402144255274
46.825059,3.105,21.7817090648892,22.6194671058465
46.84998,3.105,21.7817090648892,22.0609617452083
46.875047,3.105,21.7817090648892,22.6194671058465
46.899981,3.105,21.7817090648892,22.3402144255274
46.925019,3.105,21.7817090648892,22.3402144255274
46.950062,3.105,21.7817090648892,22.3402144255274
46.975028,3.105,21.7817090648892,22.3402144255274
47.000003,3.105,21.7817090648892,22.3402144255274
47.025005,3.105,21.7817090648892,22.3402144255274
47.049997,0,21.7817090648892,22.3402144255274
47.075073,0,18.9891822616983,20.1061929829747
47.100092,0,16.1966554585074,17.8721715404219
47.125089,0,13.1248759749974,15.6381500978692
47.150058,0,10.3323491718064,12.8456232946783
47.175073,0,7.5398223686155,10.8908545324446
47.200011,0,4.74729556542458,8.65683308989187
47.225005,0,2.51327412287183,6.14355896702004
47.250029,0,0.279252680319093,4.46804288510548
47.275093,0,0,2.23402144255274
47.300114,0,0,0.558505360638185
47.325014,0,0,0
47.350103,0,0,0
47.374993,0,0,0
47.399997,0,0,0
47.42503,0,0,0
47.450103,0,0,0
47.47511,0,0,0
47.500061,0,0,0
47.525042,0,0,0
47.549996,0,0,0
47.574995,0,0,0
47.60006,0,0,0
47.624997,0,0,0
47.650108,0,0,0
47.675024,0,0,0
47.700068,0,0,0
47.725043,0,0,0
47.749998,0,0,0
47.775061,0,0,0
47.799999,0,0,0
47.825108,0,0,0
47.84999,0,0,0
47.875031,0,0,0
47.900005,0,0,0
47.925005,0,0,0
47.950055,0,0,0
47.975022,0,0,0
48.000154,0,0,0
48.025028,0,0,0
48.049994,3.105,0.837758040957278,0.558505360638185
48.075008,3.105,10.0530964914873,9.21533845053006
48.100045,3.105,16.1966554585074,15.3588974175501
48.125008,3.105,18.9891822616983,18.9891822616983
48.150029,3.105,20.3854456632938,20.1061929829747
48.175055,3.105,21.223203704251,21.223203704251
48.199989,3.105,21.223203704251,21.7817090648892
48.225017,3.105,21.5024563845701,21.7817090648892
48.250008,3.105,21.7817090648892,22.0609617452083
48.274993,3.105,21.5024563845701,22.3402144255274
48.300036,3.105,21.7817090648892,22.3402144255274
48.325057,3.105,21.5024563845701,22.0609617452083
48.350006,3.105,21.7817090648892,22.3402144255274
48.375019,3.105,21.7817090648892,22.3402144255274
48.400045,3.105,21.7817090648892,22.6194671058465
48.425001,3.105,21.5024563845701,22.3402144255274
48.450058,3.105,22.0609617452083,22.3402144255274
48.475048,3.105,21.7817090648892,22.3402144255274
48.500051,3.105,21.7817090648892,22.3402144255274
48.525061,3.105,21.7817090648892,22.3402144255274
48.55007,3.105,21.7817090648892,22.3402144255274
48.575047,3.105,21.7817090648892,22.3402144255274
48.600046,3.105,21.7817090648892,22.3402144255274
48.625037,3.105,21.7817090648892,22.6194671058465
48.650076,3.105,21.7817090648892,22.3402144255274
48.675106,3.105,22.0609617452083,22.3402144255274
48.700019,3.105,21.7817090648892,22.3402144255274
48.725086,3.105,21.7817090648892,22.3402144255274
48.750037,3.105,21.7817090648892,22.3402144255274
48.774986,3.105,21.7817090648892,22.3402144255274
48.800055,3.105,22.0609617452083,22.6194671058465
48.825103,3.105,21.7817090648892,22.3402144255274
48.850126,3.105,21.7817090648892,22.3402144255274
48.875025,3.105,21.7817090648892,22.3402144255274
48.900102,3.105,22.0609617452083,22.3402144255274
48.924982,3.105,21.5024563845701,22.3402144255274
48.950016,3.105,22.0609617452083,22.3402144255274
48.975035,3.105,21.7817090648892,22.3402144255274
49.000102,3.105,22.0609617452083,22.6194671058465
49.025134,3.105,21.7817090648892,22.3402144255274
49.050142,3.105,21.7817090648892,22.3402144255274
49.075024,3.105,21.7817090648892,22.3402144255274
49.100051,3.105,22.0609617452083,22.6194671058465
49.124995,3.105,21.7817090648892,22.3402144255274
49.149994,3.105,21.7817090648892,22.3402144255274
49.175116,3.105,22.0609617452083,22.6194671058465
49.200147,3.105,21.7817090648892,22.3402144255274
49.22502,3.105,21.7817090648892,22.3402144255274
49.250062,3.105,21.7817090648892,22.3402144255274
49.275016,3.105,21.7817090648892,22.3402144255274
49.300016,3.105,21.7817090648892,22.3402144255274
49.324992,3.105,21.7817090648892,22.3402144255274
49.350005,3.105,22.0609617452083,22.6194671058465
49.375116,3.105,21.7817090648892,22.3402144255274
49.400021,3.105,21.7817090648892,22.3402144255274
49.42513,3.105,22.0609617452083,22.6194671058465
49.449981,3.105,21.5024563845701,22.3402144255274
49.475046,3.105,22.0609617452083,22.3402144255274
49.499987,3.105,21.5024563845701,22.3402144255274
49.525011,3.105,22.0609617452083,22.6194671058465
49.550148,3.105,21.7817090648892,22.6194671058465
49.57503,3.105,21.7817090648892,22.3402144255274
49.600035,3.105,21.7817090648892,22.3402144255274
49.625029,3.105,21.7817090648892,22.3402144255274
49.650027,3.105,21.7817090648892,22.3402144255274
49.674993,3.105,21.7817090648892,22.3402144255274
49.700001,3.105,21.7817090648892,22.6194671058465
49.725136,3.105,22.0609617452083,22.6194671058465
49.750004,3.105,21.7817090648892,22.3402144255274
49.775098,3.105,21.7817090648892,22.3402144255274
49.799984,3.105,21.7817090648892,22.3402144255274
49.825032,3.105,21.7817090648892,22.3402144255274
49.849985,3.105,21.7817090648892,22.3402144255274
49.875006,3.105,21.7817090648892,22.6194671058465
49.900142,3.105,22.0609617452083,22.3402144255274
49.924999,3.105,21.7817090648892,22.3402144255274
49.950074,3.105,21.7817090648892,22.3402144255274
49.975021,3.105,21.7817090648892,22.3402144255274
50.000007,3.105,21.7817090648892,22.3402144255274
50.025054,3.105,21.7817090648892,22.6194671058465
50.049996,3.105,21.7817090648892,22.3402144255274
50.075,3.105,21.7817090648892,22.3402144255274
50.099993,3.105,21.7817090648892,22.3402144255274
50.124999,3.105,21.7817090648892,22.6194671058465
50.149989,3.105,21.7817090648892,22.3402144255274
50.174984,3.105,22.0609617452083,22.3402144255274
50.200034,3.105,21.7817090648892,22.6194671058465
50.225038,3.105,21.7817090648892,22.3402144255274
50.250016,3.105,21.7817090648892,22.3402144255274
50.275033,3.105,21.7817090648892,22.6194671058465
50.300037,3.105,21.7817090648892,22.6194671058465
50.325028,3.105,21.7817090648892,22.3402144255274
50.350006,3.105,21.7817090648892,22.3402144255274
50.375053,3.105,21.7817090648892,22.3402144255274
50.400084,3.105,22.0609617452083,22.6194671058465
50.424988,3.105,21.5024563845701,22.6194671058465
50.450024,3.105,22.0609617452083,22.3402144255274
50.475038,3.105,21.7817090648892,22.3402144255274
50.500037,3.105,21.7817090648892,22.6194671058465
50.525029,3.105,21.5024563845701,22.3402144255274
50.550086,3.105,21.7817090648892,22.6194671058465
50.575086,3.105,21.7817090648892,22.3402144255274
50.599984,3.105,21.7817090648892,22.3402144255274
50.625031,3.105,21.7817090648892,22.6194671058465
50.65003,3.105,21.7817090648892,22.3402144255274
50.675042,3.105,21.7817090648892,22.6194671058465
50.700044,3.105,21.7817090648892,22.3402144255274
50.725055,3.105,21.7817090648892,22.6194671058465
50.750079,3.105,21.7817090648892,22.6194671058465
50.775038,3.105,21.7817090648892,22.3402144255274
50.800055,3.105,21.7817090648892,22.6194671058465
50.824995,3.105,21.7817090648892,22.3402144255274
50.849984,3.105,21.7817090648892,22.6194671058465
50.875053,3.105,21.7817090648892,22.6194671058465
50.900098,3.105,21.7817090648892,22.6194671058465
50.925137,3.105,21.7817090648892,22.3402144255274
50.950033,3.105,21.5024563845701,22.3402144255274
50.975105,3.105,21.7817090648892,22.6194671058465
51.000011,3.105,21.7817090648892,22.6194671058465
51.024993,3.105,21.7817090648892,22.3402144255274
51.05006,3.105,21.7817090648892,22.6194671058465
51.075084,3.105,21.7817090648892,22.6194671058465
51.100026,3.105,21.5024563845701,22.3402144255274
51.125019,3.105,21.7817090648892,22.6194671058465
51.150103,3.105,22.0609617452083,22.6194671058465
51.175031,3.105,21.5024563845701,22.3402144255274
51.200009,3.105,21.7817090648892,22.6194671058465
51.22505,3.105,21.7817090648892,22.3402144255274
51.250081,3.105,22.0609617452083,22.6194671058465
51.275044,3.105,21.5024563845701,22.3402144255274
51.300052,3.105,22.0609617452083,22.3402144255274
51.325025,3.105,21.5024563845701,22.3402144255274
51.350043,3.105,22.0609617452083,22.6194671058465
51.375037,3.105,21.7817090648892,22.3402144255274
51.400061,3.105,21.7817090648892,22.6194671058465
51.425109,3.105,21.7817090648892,22.3402144255274
51.45003,3.105,21.7817090648892,22.3402144255274
51.475078,3.105,21.7817090648892,22.6194671058465
51.499994,3.105,21.5024563845701,22.3402144255274
51.525032,3.105,21.7817090648892,22.6194671058465
51.549981,3.105,21.7817090648892,22.3402144255274
51.575001,3.105,21.7817090648892,22.6194671058465
51.600131,3.105,22.0609617452083,22.6194671058465
51.624983,3.105,21.5024563845701,22.3402144255274
51.650103,3.105,21.7817090648892,22.6194671058465
51.67498,3.105,21.5024563845701,22.3402144255274
51.70003,3.105,21.7817090648892,22.6194671058465
51.725079,3.105,21.7817090648892,22.3402144255274
51.750103,3.105,21.5024563845701,22.6194671058465
51.775129,3.105,21.7817090648892,22.6194671058465
51.799999,3.105,21.5024563845701,22.3402144255274
51.8251,3.105,22.0609617452083,22.6194671058465
51.850016,3.105,21.5024563845701,22.3402144255274
51.875004,3.105,21.7817090648892,22.6194671058465
51.900007,3.105,21.7817090648892,22.3402144255274
51.925118,3.105,21.5024563845701,22.6194671058465
51.950146,3.105,21.7817090648892,22.6194671058465
51.975044,3.105,21.5024563845701,22.3402144255274
52.000087,3.105,21.7817090648892,22.6194671058465
52.025046,3.105,21.7817090648892,22.3402144255274
52.050002,3.105,21.7817090648892,22.6194671058465
52.075072,3.105,21.7817090648892,22.3402144255274
52.100077,3.105,21.7817090648892,22.6194671058465
52.125045,3.105,21.7817090648892,22.3402144255274
52.150039,3.105,21.5024563845701,22.6194671058465
52.175014,3.105,21.7817090648892,22.3402144255274
52.200028,3.105,21.7817090648892,22.6194671058465
52.225018,3.105,21.7817090648892,22.6194671058465
52.250076,3.105,21.7817090648892,22.3402144255274
52.275086,3.105,21.7817090648892,22.6194671058465
52.299989,3.105,21.7817090648892,22.3402144255274
52.325059,3.105,21.7817090648892,22.6194671058465
52.350006,3.105,21.7817090648892,22.3402144255274
52.375065,3.105,21.7817090648892,22.6194671058465
52.40006,3.105,21.7817090648892,22.6194671058465
52.425088,3.105,21.7817090648892,22.3402144255274
52.450109,3.105,21.7817090648892,22.6194671058465
52.475038,3.105,21.7817090648892,22.3402144255274
52.500115,3.105,21.7817090648892,22.6194671058465
52.525017,3.105,21.7817090648892,22.3402144255274
52.550004,3.105,21.7817090648892,22.3402144255274
52.575058,3.105,22.0609617452083,22.3402144255274
52.600014,3.105,21.5024563845701,22.3402144255274
52.625143,3.105,22.0609617452083,22.6194671058465
52.650026,3.105,21.5024563845701,22.3402144255274
52.675084,3.105,22.0609617452083,22.6194671058465
52.700028,3.105,21.5024563845701,22.3402144255274
52.725054,3.105,21.7817090648892,22.6194671058465
52.749986,3.105,21.7817090648892,22.3402144255274
52.775037,3.105,21.7817090648892,22.6194671058465
52.800021,3.105,21.7817090648892,22.6194671058465
52.824992,3.105,21.7817090648892,22.3402144255274
52.849994,3.105,21.7817090648892,22.6194671058465
52.875052,3.105,21.7817090648892,22.6194671058465
52.900072,3.105,21.7817090648892,22.6194671058465
52.925019,3.105,21.7817090648892,22.3402144255274
52.950047,3.105,21.7817090648892,22.6194671058465
52.974992,3.105,21.7817090648892,22.3402144255274
53.000083,3.105,21.7817090648892,22.6194671058465
53.02504,3.105,21.7817090648892,22.6194671058465
53.05004,0,21.5024563845701,22.0609617452083
53.074991,0,18.9891822616983,20.3854456632938
53.10009,0,15.9174027781883,18.151424220741
53.125121,0,12.8456232946783,15.3588974175501
53.150061,0,10.0530964914873,12.8456232946783
53.17512,0,7.26056968829641,10.8908545324446
53.199991,0,4.74729556542458,8.37758040957278
53.225048,0,1.95476876223365,6.14355896702004
53.250039,0,0.279252680319093,4.18879020478639
53.275096,0,0,2.23402144255274
53.300126,0,0,0.279252680319093
53.325004,0,0,0
53.350103,0,0,0
53.375003,0,0,0
53.400064,0,0,0
53.425002,0,0,0
53.450024,0,0,0
53.475153,0,0,0
53.500043,0,0,0
53.524977,0,0,0
53.550051,0,0,0
53.575045,0,0,0
53.600032,0,0,0
53.625014,0,0,0
53.650147,0,0,0
53.675035,0,0,0
53.700086,0,0,0
53.725034,0,0,0
53.750047,0,0,0
53.775021,0,0,0
53.800031,0,0,0
53.825052,0,0,0
53.850055,0,0,0
53.875099,0,0,0
53.899995,0,0,0
53.925025,0,0,0
53.95003,0,0,0
53.975029,0,0,0
53.999989,0,0,0
54.025086,0,0,0
54.049996,0,0,0
54.074999,0,0,0
54.099997,0,0,0
54.125086,0,0,0
54.15008,0,0,0
54.175068,0,0,0
54.200019,0,0,0
54.225033,0,0,0
54.250058,0,0,0
54.275043,0,0,0
54.300114,0,0,0
54.325128,0,0,0
54.350001,0,0,0
54.375105,0,0,0
54.400027,0,0,0
54.424994,0,0,0
54.450013,0,0,0
54.475012,0,0,0
54.500125,0,0,0
54.52505,0,0,0
54.550118,0,0,0
54.575033,0,0,0
54.600017,0,0,0
54.625069,0,0,0
54.650014,0,0,0
54.675133,0,0,0
54.700037,0,0,0
54.725027,0,0,0
54.750048,0,0,0
54.775024,0,0,0
54.799994,0,0,0
54.825127,0,0,0
54.850135,0,0,0
54.875011,0,0,0
54.900047,0,0,0
54.925025,0,0,0
54.950031,0,0,0
54.975023,0,0,0
55.000018,0,0,0
55.025133,0,0,0
55.049995,0,0,0
55.075113,0,0,0
55.100001,0,0,0
55.125012,0,0,0
55.150046,0,0,0
55.175065,0,0,0
55.20001,0,0,0
55.225001,0,0,0
55.250013,0,0,0
55.275008,0,0,0
55.300033,0,0,0
55.325098,0,0,0
55.350127,0,0,0
55.375022,0,0,0
55.40011,0,0,0
55.425028,0,0,0
55.450005,0,0,0
55.475056,0,0,0
55.499998,0,0,0
55.525116,0,0,0
55.55001,0,0,0
55.575043,0,0,0
55.599983,0,0,0
55.624999,0,0,0
55.650068,0,0,0
55.675,0,0,0
55.700123,0,0,0
55.725035,0,0,0
55.75009,0,0,0
55.77501,0,0,0
55.800002,0,0,0
55.825049,0,0,0
55.85,0,0,0
55.875143,0,0,0
55.900078,0,0,0
55.925024,0,0,0
55.950058,0,0,0
55.975018,0,0,0
55.999994,0,0,0
56.025002,0,0,0
56.05006,3.105,0.558505360638185,0.558505360638185
56.075006,3.105,9.49459113084915,8.93608577021097
56.100046,3.105,16.1966554585074,15.079644737231
56.125004,3.105,18.7099295813792,18.4306769010601
56.150037,3.105,20.3854456632938,20.1061929829747
56.175007,3.105,20.6646983436129,21.223203704251
56.200035,3.105,21.5024563845701,21.5024563845701
56.225056,3.105,21.5024563845701,21.7817090648892
56.250057,3.105,21.5024563845701,22.0609617452083
56.275001,3.105,21.5024563845701,22.0609617452083
56.300057,3.105,21.7817090648892,22.0609617452083
56.325007,3.105,21.5024563845701,22.3402144255274
56.350048,3.105,21.7817090648892,22.3402144255274
56.375053,3.105,21.7817090648892,22.3402144255274
56.400057,3.105,21.7817090648892,22.3402144255274
56.424988,3.105,21.5024563845701,22.3402144255274
56.450026,3.105,21.7817090648892,22.3402144255274
56.474981,3.105,21.7817090648892,22.3402144255274
56.500007,3.105,21.7817090648892,22.3402144255274
56.525044,3.105,21.7817090648892,22.3402144255274
56.550061,3.105,21.7817090648892,22.3402144255274
56.575025,3.105,21.7817090648892,22.6194671058465
56.599995,3.105,21.7817090648892,22.3402144255274
56.625,3.105,21.7817090648892,22.3402144255274
56.649997,3.105,21.7817090648892,22.3402144255274
56.674983,3.105,21.7817090648892,22.6194671058465
56.700051,3.105,22.0609617452083,22.3402144255274
56.725052,3.105,21.7817090648892,22.3402144255274
56.75005,3.105,21.7817090648892,22.6194671058465
56.775021,3.105,21.7817090648892,22.3402144255274
56.799997,3.105,21.7817090648892,22.6194671058465
56.825049,3.105,21.7817090648892,22.3402144255274
56.849992,3.105,21.7817090648892,22.3402144255274
56.875077,3.105,21.7817090648892,22.6194671058465
56.900081,3.105,22.0609617452083,22.6194671058465
56.925016,3.105,21.7817090648892,22.3402144255274
56.950052,3.105,21.7817090648892,22.6194671058465
56.974988,3.105,21.7817090648892,22.3402144255274
57.000028,3.105,21.7817090648892,22.6194671058465
57.025014,3.105,21.7817090648892,22.3402144255274
57.050039,3.105,21.7817090648892,22.6194671058465
57.075053,3.105,22.0609617452083,22.3402144255274
57.100021,3.105,21.7817090648892,22.6194671058465
57.125059,3.105,21.7817090648892,22.3402144255274
57.149983,3.105,21.7817090648892,22.3402144255274
57.175043,3.105,21.7817090648892,22.6194671058465
57.200027,3.105,21.7817090648892,22.6194671058465
57.225023,3.105,22.0609617452083,22.3402144255274
57.249992,3.105,21.7817090648892,22.3402144255274
57.275074,3.105,21.7817090648892,22.6194671058465
57.300022,3.105,21.7817090648892,22.3402144255274
57.324992,3.105,21.7817090648892,22.3402144255274
57.350003,3.105,21.7817090648892,22.6194671058465
57.375059,3.105,22.0609617452083,22.6194671058465
57.40006,3.105,21.7817090648892,22.3402144255274
57.425018,3.105,21.7817090648892,22.6194671058465
57.449995,3.105,21.7817090648892,22.3402144255274
57.475096,3.105,22.0609617452083,22.6194671058465
57.500045,3.105,21.7817090648892,22.6194671058465
57.525029,3.105,21.7817090648892,22.3402144255274
57.550074,3.105,21.7817090648892,22.6194671058465
57.575074,3.105,22.0609617452083,22.3402144255274
57.599983,3.105,21.7817090648892,22.6194671058465
57.625103,3.105,21.7817090648892,22.6194671058465
57.650035,3.105,21.7817090648892,22.3402144255274
57.674992,3.105,22.0609617452083,22.6194671058465
57.700041,3.105,21.7817090648892,22.3402144255274
57.725108,3.105,21.7817090648892,22.6194671058465
57.750118,3.105,22.0609617452083,22.6194671058465
57.775025,3.105,21.7817090648892,22.3402144255274
57.800056,3.105,22.0609617452083,22.3402144255274
57.825003,3.105,21.7817090648892,22.3402144255274
57.849997,3.105,21.7817090648892,22.6194671058465
57.875036,3.105,22.0609617452083,22.6194671058465
57.900096,3.105,21.7817090648892,22.3402144255274
57.92514,3.105,22.0609617452083,22.6194671058465
57.950033,3.105,21.7817090648892,22.3402144255274
57.975043,3.105,21.7817090648892,22.6194671058465
58.000011,3.105,21.7817090648892,22.3402144255274
58.025052,3.105,21.7817090648892,22.6194671058465
58.050046,0,21.7817090648892,22.0609617452083
58.075115,0,18.9891822616983,20.3854456632938
58.099985,0,15.9174027781883,17.5929188601028
58.125017,0,13.1248759749974,15.3588974175501
58.150033,0,10.3323491718064,13.1248759749974
58.175023,0,7.5398223686155,10.3323491718064
58.200027,0,4.74729556542458,8.37758040957278
58.225092,0,2.51327412287183,6.42281164733913
58.250098,0,0.279252680319093,3.9095375244673
58.274979,0,0,2.23402144255274
58.300045,0,0,0.279252680319093
58.325013,0,0,0
58.34998,0,0,0
58.375041,0,0,0
58.400102,0,0,0
58.425094,0,0,0
58.45,0,0,0
58.475083,0,0,0
58.500023,0,0,0
58.524993,0,0,0
58.550037,0,0,0
58.57508,0,0,0
58.600142,0,0,0
58.625022,0,0,0
58.650096,0,0,0
58.674983,0,0,0
58.700018,0,0,0
58.724995,0,0,0
58.75011,0,0,0
58.775138,0,0,0
58.800027,0,0,0
58.825101,0,0,0
58.850037,0,0,0
58.87501,0,0,0
58.900075,0,0,0
58.925006,0,0,0
58.950143,0,0,0
58.975069,0,0,0
59.000119,0,0,0
59.025038,0,0,0
59.050009,0,0,0
59.075099,0,0,0
59.100083,0,0,0
59.125054,0,0,0
59.150056,0,0,0
59.175041,0,0,0
59.200022,0,0,0
59.225004,0,0,0
59.250081,0,0,0
59.275102,0,0,0
59.30002,0,0,0
59.325112,0,0,0
59.350033,0,0,0
59.375004,0,0,0
59.400047,0,0,0
59.424994,0,0,0
59.450108,0,0,0
59.474984,0,0,0
59.500114,0,0,0
59.525026,0,0,0
59.549989,0,0,0
59.575039,0,0,0
59.60011,0,0,0
59.625107,0,0,0
59.650017,0,0,0
59.675035,0,0,0
59.700017,0,0,0
59.724999,0,0,0
59.750062,0,0,0
59.775004,0,0,0
59.800135,0,0,0
59.825027,0,0,0
59.850031,0,0,0
59.875026,0,0,0
59.900021,0,0,0
59.925045,0,0,0
59.950125,0,0,0
59.975127,0,0,0
60.000013,0,0,0
60.025103,0,0,0
60.050057,3.105,0.837758040957278,0.837758040957278
60.075071,3.105,10.3323491718064,9.49459113084915
60.100062,3.105,16.4759081388265,15.9174027781883
60.125055,3.105,18.9891822616983,18.7099295813792
60.150057,3.105,20.3854456632938,20.3854456632938
60.175069,3.105,20.943951023932,20.943951023932
60.199996,3.105,21.223203704251,21.7817090648892
60.22502,3.105,21.5024563845701,21.7817090648892
60.250056,3.105,21.5024563845701,22.3402144255274
60.275041,3.105,21.7817090648892,22.0609617452083
60.300054,3.105,21.7817090648892,22.3402144255274
60.325041,3.105,21.7817090648892,22.3402144255274
60.350015,3.105,21.5024563845701,22.3402144255274
60.375017,3.105,21.7817090648892,22.3402144255274
60.400023,3.105,21.7817090648892,22.3402144255274
60.424996,3.105,21.7817090648892,22.3402144255274
60.450066,3.105,21.7817090648892,22.6194671058465
60.475103,3.105,21.7817090648892,22.3402144255274
60.500031,3.105,21.7817090648892,22.3402144255274
60.52506,3.105,21.7817090648892,22.6194671058465
60.550034,3.105,21.7817090648892,22.6194671058465
60.574992,3.105,21.7817090648892,22.3402144255274
60.600032,3.105,21.7817090648892,22.3402144255274
60.625118,3.105,22.0609617452083,22.6194671058465
60.650135,3.105,21.7817090648892,22.6194671058465
60.67501,3.105,21.7817090648892,22.3402144255274
60.70005,3.105,21.7817090648892,22.3402144255274
60.72503,3.105,21.7817090648892,22.6194671058465
60.749986,3.105,22.0609617452083,22.3402144255274
60.774993,3.105,21.7817090648892,22.6194671058465
60.800002,3.105,21.7817090648892,22.3402144255274
60.825155,3.105,22.0609617452083,22.8987197861656
60.850071,3.105,21.7817090648892,22.3402144255274
60.875101,3.105,21.7817090648892,22.3402144255274
60.900046,3.105,21.7817090648892,22.6194671058465
60.925006,3.105,21.7817090648892,22.6194671058465
60.950085,3.105,22.0609617452083,22.3402144255274
60.97509,3.105,21.7817090648892,22.6194671058465
61.000142,3.105,22.0609617452083,22.6194671058465
61.025023,3.105,21.7817090648892,22.3402144255274
61.049992,3.105,21.7817090648892,22.6194671058465
61.075023,3.105,22.0609617452083,22.6194671058465
61.099987,3.105,21.7817090648892,22.3402144255274
61.124998,3.105,21.7817090648892,22.6194671058465
61.150031,3.105,22.0609617452083,22.6194671058465
61.175046,3.105,21.7817090648892,22.3402144255274
61.199994,3.105,22.0609617452083,22.3402144255274
61.225046,3.105,21.7817090648892,22.6194671058465
61.249991,3.105,22.0609617452083,22.3402144255274
61.274985,3.105,21.7817090648892,22.6194671058465
61.300011,3.105,21.7817090648892,22.3402144255274
61.325029,3.105,22.0609617452083,22.3402144255274
61.349999,3.105,21.7817090648892,22.6194671058465
61.37507,3.105,22.0609617452083,22.6194671058465
61.400075,3.105,21.7817090648892,22.3402144255274
61.424998,3.105,21.7817090648892,22.3402144255274
61.450051,3.105,22.0609617452083,22.6194671058465
61.475045,3.105,21.7817090648892,22.6194671058465
61.500069,3.105,22.0609617452083,22.3402144255274
61.525045,3.105,21.7817090648892,22.6194671058465
61.550031,3.105,21.7817090648892,22.3402144255274
61.575015,3.105,22.0609617452083,22.6194671058465
61.600018,3.105,21.7817090648892,22.3402144255274
61.625006,3.105,22.0609617452083,22.3402144255274
61.650026,3.105,21.7817090648892,22.6194671058465
61.675051,3.105,22.0609617452083,22.6194671058465
61.70004,3.105,21.7817090648892,22.3402144255274
61.725001,3.105,21.7817090648892,22.6194671058465
61.750005,3.105,22.0609617452083,22.3402144255274
61.775018,3.105,21.7817090648892,22.6194671058465
61.800002,3.105,22.0609617452083,22.3402144255274
61.825051,3.105,21.7817090648892,22.6194671058465
61.850084,3.105,22.0609617452083,22.3402144255274
61.875058,3.105,21.7817090648892,22.6194671058465
61.900033,3.105,21.7817090648892,22.3402144255274
61.92501,3.105,22.0609617452083,22.3402144255274
61.950031,3.105,21.7817090648892,22.3402144255274
61.974994,3.105,22.0609617452083,22.6194671058465
62.000036,3.105,21.7817090648892,22.3402144255274
62.025078,3.105,21.7817090648892,22.6194671058465
62.050103,0,21.7817090648892,22.0609617452083
62.075039,0,18.9891822616983,20.3854456632938
62.100033,0,16.1966554585074,17.5929188601028
62.124984,0,12.8456232946783,15.3588974175501
62.150059,0,10.3323491718064,13.1248759749974
62.175088,0,7.5398223686155,10.6116018521255
62.200088,0,5.02654824574367,8.65683308989187
62.225001,0,2.23402144255274,6.14355896702004
62.250022,0,0.279252680319093,4.46804288510548
62.275046,0,0,2.23402144255274
62.299993,0,0,0.558505360638185
62.32503,0,0,0
62.350101,0,0,0
62.375106,0,0,0
62.400005,0,0,0
62.425051,0,0,0
62.449992,0,0,0
62.475051,0,0,0
62.500041,0,0,0
62.524997,0,0,0
62.550115,0,0,0
62.575006,0,0,0
62.600052,0,0,0
62.62501,0,0,0
62.650009,0,0,0
62.675068,0,0,0
62.700098,0,0,0
62.725125,0,0,0
62.749991,0,0,0
62.775059,0,0,0
62.800038,0,0,0
62.82501,0,0,0
62.850051,0,0,0
62.875123,0,0,0
62.900139,0,0,0
62.924995,0,0,0
62.950098,0,0,0
62.974993,0,0,0
63.000039,0,0,0
63.025042,0,0,0
63.050027,3.105,1.11701072127637,0.837758040957278
63.074999,3.105,10.3323491718064,9.77384381116824
63.09998,3.105,16.4759081388265,15.9174027781883
63.124989,3.105,19.2684349420174,18.7099295813792
63.15002,3.105,20.3854456632938,20.6646983436129
63.174994,3.105,21.223203704251,21.223203704251
