t,u,wl,wr
0.0,0.0,0.0,0.0
0.02505399999999902,0.0,0.0,0.0
0.05008299999999899,0.0,0.0,0.0
0.0750289999999989,0.0,0.0,0.0
0.10014900000000004,0.0,0.0,0.0
0.1250070000000001,0.0,0.0,0.0
0.15010000000000012,0.0,0.0,0.0
0.1750569999999989,0.0,0.0,0.0
0.2000119999999992,0.0,0.0,0.0
0.22499999999999964,0.0,0.0,0.0
0.2501079999999991,0.0,0.0,0.0
0.2751450000000002,0.0,0.0,0.0
0.30000999999999856,0.0,0.0,0.0
0.3251279999999994,0.0,0.0,0.0
0.3500629999999987,0.0,0.0,0.0
0.37504899999999886,0.0,0.0,0.0
0.40005899999999883,0.0,0.0,0.0
0.42503599999999864,0.0,0.0,0.0
0.4500189999999993,0.0,0.0,0.0
0.47509599999999885,0.0,0.0,0.0
0.5001059999999988,0.0,0.0,0.0
0.5252879999999998,0.0,0.0,0.0
0.5500769999999999,0.0,0.0,0.0
0.5750419999999998,0.0,0.0,0.0
0.600071999999999,0.0,0.0,0.0
0.6250659999999986,0.0,0.0,0.0
0.6500009999999996,0.0,0.0,0.0
0.6750139999999991,0.0,0.0,0.0
0.7000689999999992,0.0,0.0,0.0
0.7249999999999996,0.0,0.0,0.0
0.7500640000000001,0.0,0.0,0.0
0.7750909999999998,0.0,0.0,0.0
0.8000659999999993,0.0,0.0,0.0
0.8250619999999991,0.0,0.0,0.0
0.8500490000000003,0.0,0.0,0.0
0.8750389999999992,0.0,0.0,0.0
0.9000019999999989,0.0,0.0,0.0
0.9250969999999992,0.0,0.0,0.0
0.9501109999999997,0.0,0.0,0.0
0.9750069999999997,0.0,0.0,0.0
1.0000710000000002,0.0,0.0,0.0
1.0251959999999993,0.5,0.0,0.0
1.0500479999999985,0.5,-7.260569688296411,-6.422811647339132
1.075044,0.5,-15.079644737231007,-14.241886696273728
1.1001339999999988,0.5,-18.70992958137921,-18.151424220741028
1.125126999999999,0.5,-20.106192982974676,-20.106192982974676
1.1500719999999998,0.5,-20.664698343612862,-20.664698343612862
1.1750399999999992,0.5,-20.943951023931955,-21.50245638457014
1.1999999999999993,0.5,-21.50245638457014,-21.50245638457014
1.224995999999999,0.5,-21.223203704251045,-22.060961745208324
1.2500400000000003,0.5,-21.50245638457014,-21.78170906488923
1.2751000000000001,0.5,-21.50245638457014,-22.060961745208324
1.3001379999999987,0.5,-21.50245638457014,-21.78170906488923
1.325011,0.5,-21.50245638457014,-22.060961745208324
1.350064999999999,0.5,-21.50245638457014,-22.060961745208324
1.3750579999999992,0.5,-21.50245638457014,-21.78170906488923
1.4000449999999987,0.5,-21.223203704251045,-22.060961745208324
1.425065,0.5,-21.50245638457014,-22.060961745208324
1.450011,0.5,-21.50245638457014,-22.060961745208324
1.4751579999999986,0.5,-21.78170906488923,-22.060961745208324
1.500100999999999,0.5,-21.223203704251045,-21.78170906488923
1.5251359999999998,0.0,-21.50245638457014,-22.060961745208324
1.5500279999999993,0.0,-19.54768762233649,-20.38544566329377
1.5750459999999986,0.0,-16.47590813882647,-18.151424220741028
1.6000299999999985,0.0,-13.40412865531645,-15.079644737231007
1.6250319999999991,0.0,-10.332349171806431,-12.566370614359172
1.6500299999999992,0.0,-7.260569688296411,-10.332349171806431
1.675008,0.0,-4.747295565424577,-8.09832772925369
1.700018,0.0,-1.9547687622336491,-5.585053606381854
1.7249929999999996,0.0,-0.2792526803190927,-3.3510321638291125
1.750057,0.0,0.0,-1.6755160819145563
1.7750609999999991,0.0,0.0,0.0
1.800065,0.0,0.0,0.0
1.825011,0.0,0.0,0.0
1.8500549999999993,0.0,0.0,0.0
1.8750330000000002,0.0,0.0,0.0
1.900067,0.0,0.0,0.0
1.9250150000000001,0.0,0.0,0.0
1.9500589999999995,0.0,0.0,0.0
1.975090999999999,0.0,0.0,0.0
2.000010999999999,0.0,0.0,0.0
2.025067,0.5,0.0,0.0
2.050027,0.5,-6.981317007977318,-6.702064327658225
2.075030999999999,0.5,-15.079644737231007,-14.241886696273728
2.1000359999999993,0.5,-18.43067690106012,-18.151424220741028
2.125050999999999,0.5,-20.106192982974676,-20.106192982974676
2.1500760000000003,0.5,-20.943951023931955,-20.943951023931955
2.17507,0.5,-21.223203704251045,-21.50245638457014
2.2000269999999986,0.5,-21.223203704251045,-21.78170906488923
2.225052,0.5,-21.50245638457014,-22.060961745208324
2.2500529999999994,0.5,-21.50245638457014,-21.78170906488923
2.275015,0.5,-21.223203704251045,-22.060961745208324
2.300098,0.5,-21.50245638457014,-22.060961745208324
2.3251159999999995,0.5,-21.50245638457014,-22.060961745208324
2.427489999999999,0.5,-88.2438469808333,-90.47786842338604
2.4500259999999994,0.5,-19.268434942017397,-20.106192982974676
2.4750309999999995,0.5,-21.50245638457014,-22.060961745208324
2.5000339999999994,0.5,-21.50245638457014,-22.060961745208324
2.525143999999999,0.0,-21.78170906488923,-22.340214425527417
2.550053,0.0,-19.54768762233649,-20.38544566329377
2.5750139999999995,0.0,-16.47590813882647,-18.151424220741028
2.6000870000000003,0.0,-13.40412865531645,-15.3588974175501
2.6250469999999986,0.0,-10.611601852125522,-13.124875974997359
2.649996,0.0,-7.260569688296411,-10.332349171806431
2.6750559999999997,0.0,-4.747295565424577,-8.09832772925369
2.7000829999999993,0.0,-2.234021442552742,-5.8643062867009474
2.725078,0.0,0.0,-3.6302848441482056
2.7500459999999993,0.0,0.0,-1.3962634015954636
2.7750310000000002,0.0,0.0,-0.2792526803190927
2.8000359999999986,0.0,0.0,0.0
2.825063,0.0,0.0,0.0
2.850111,0.0,0.0,0.0
2.875131999999999,0.0,0.0,0.0
2.9000519999999987,0.0,0.0,0.0
2.9251319999999996,0.0,0.0,0.0
2.950040999999999,0.0,0.0,0.0
2.9750309999999995,0.0,0.0,0.0
3.0000219999999995,0.0,0.0,0.0
3.0251029999999997,0.0,0.0,0.0
3.050025999999999,0.0,0.0,0.0
3.075011999999999,0.0,0.0,0.0
3.1000949999999996,0.0,0.0,0.0
3.125067999999999,0.0,0.0,0.0
3.15006,0.0,0.0,0.0
3.175034,0.0,0.0,0.0
3.200040999999999,0.0,0.0,0.0
3.2250739999999993,0.0,0.0,0.0
3.250024999999999,0.0,0.0,0.0
3.275105,0.0,0.0,0.0
3.299989,0.0,0.0,0.0
3.325011999999999,0.0,0.0,0.0
3.350083999999999,0.0,0.0,0.0
3.37509,0.0,0.0,0.0
3.400022,0.0,0.0,0.0
3.4250429999999987,0.0,0.0,0.0
3.4500580000000003,0.0,0.0,0.0
3.475071,0.0,0.0,0.0
3.500311,0.0,0.0,0.0
3.5251409999999996,0.5,-4.747295565424577,-3.9095375244672983
3.550136,0.5,-13.962634015954636,-13.124875974997359
3.575049,0.5,-18.151424220741028,-17.31366617978375
3.60009,0.5,-19.826940302655583,-19.826940302655583
3.625071,0.5,-20.664698343612862,-20.943951023931955
3.6500189999999986,0.5,-21.223203704251045,-21.50245638457014
3.675039999999999,0.5,-21.223203704251045,-21.50245638457014
3.7001209999999993,0.5,-21.50245638457014,-22.060961745208324
3.7251259999999995,0.5,-21.50245638457014,-22.060961745208324
3.750029999999999,0.5,-21.50245638457014,-21.78170906488923
3.7750519999999987,0.5,-21.50245638457014,-22.060961745208324
3.800068999999999,0.5,-21.50245638457014,-22.340214425527417
3.8250389999999985,0.5,-21.50245638457014,-22.060961745208324
3.850033,0.5,-21.50245638457014,-22.060961745208324
3.8751049999999996,0.5,-21.50245638457014,-22.060961745208324
3.9001140000000003,0.5,-21.50245638457014,-22.060961745208324
3.9250659999999993,0.5,-21.50245638457014,-22.340214425527417
3.9500259999999994,0.5,-21.50245638457014,-22.060961745208324
3.9750049999999995,0.5,-21.50245638457014,-22.060961745208324
4.000010999999999,0.5,-21.50245638457014,-22.340214425527417
4.025027999999999,0.5,-21.50245638457014,-22.060961745208324
4.050041,0.5,-21.223203704251045,-22.060961745208324
4.075144,0.5,-21.50245638457014,-22.340214425527417
4.100028,0.5,-21.50245638457014,-22.060961745208324
4.1250599999999995,0.5,-21.50245638457014,-22.060961745208324
4.150034,0.5,-21.223203704251045,-22.340214425527417
4.175046,0.5,-21.50245638457014,-22.060961745208324
4.200073999999999,0.5,-21.223203704251045,-22.060961745208324
4.225121999999999,0.5,-21.50245638457014,-22.340214425527417
4.250119,0.5,-21.50245638457014,-22.060961745208324
4.275024999999999,0.5,-21.223203704251045,-22.060961745208324
4.300046999999999,0.5,-21.223203704251045,-22.060961745208324
4.325021,0.5,-21.50245638457014,-22.060961745208324
4.3500239999999994,0.5,-21.223203704251045,-22.060961745208324
4.375019999999999,0.5,-21.50245638457014,-22.340214425527417
4.400117999999999,0.5,-21.223203704251045,-22.060961745208324
4.425139,0.5,-21.50245638457014,-22.060961745208324
4.450068999999999,0.5,-21.223203704251045,-22.060961745208324
4.475135,0.5,-21.223203704251045,-22.340214425527417
4.500027999999999,0.5,-21.50245638457014,-21.78170906488923
4.525138,0.5,-21.223203704251045,-22.340214425527417
4.550018,0.5,-21.50245638457014,-21.78170906488923
4.575023999999999,0.5,-21.223203704251045,-22.060961745208324
4.600149999999999,0.5,-21.50245638457014,-22.340214425527417
4.6250219999999995,0.5,-21.50245638457014,-21.78170906488923
4.650048,0.5,-21.223203704251045,-22.060961745208324
4.674994999999999,0.5,-21.50245638457014,-22.060961745208324
4.7000139999999995,0.5,-21.50245638457014,-22.060961745208324
4.725073,0.5,-21.50245638457014,-22.060961745208324
4.750019999999999,0.5,-21.223203704251045,-22.060961745208324
4.775150999999999,0.5,-21.50245638457014,-22.060961745208324
4.799999999999999,0.5,-21.223203704251045,-22.060961745208324
4.825116999999999,0.5,-21.50245638457014,-22.060961745208324
4.850007,0.5,-21.50245638457014,-22.060961745208324
4.875029,0.5,-21.223203704251045,-22.060961745208324
4.900036,0.5,-21.50245638457014,-22.060961745208324
4.925141,0.5,-21.223203704251045,-22.340214425527417
4.949992999999999,0.5,-21.223203704251045,-21.78170906488923
4.975073999999999,0.5,-21.50245638457014,-22.340214425527417
5.000102999999999,0.5,-21.223203704251045,-22.060961745208324
5.025039999999999,0.5,-21.50245638457014,-22.060961745208324
5.050013,0.5,-21.223203704251045,-22.060961745208324
5.075054,0.5,-21.50245638457014,-22.060961745208324
5.100045,0.5,-21.223203704251045,-22.060961745208324
5.125045999999999,0.5,-21.50245638457014,-22.060961745208324
5.150010999999999,0.5,-21.50245638457014,-22.060961745208324
5.174994999999999,0.5,-21.223203704251045,-22.060961745208324
5.200002,0.5,-21.50245638457014,-22.340214425527417
5.225012999999999,0.5,-21.223203704251045,-22.060961745208324
5.25005,0.5,-21.50245638457014,-22.060961745208324
5.2750699999999995,0.5,-21.223203704251045,-22.060961745208324
5.300042999999999,0.5,-21.50245638457014,-22.060961745208324
5.325033999999999,0.5,-21.50245638457014,-22.340214425527417
5.350042999999999,0.5,-21.223203704251045,-22.060961745208324
5.375033,0.5,-21.50245638457014,-22.340214425527417
5.400051999999999,0.5,-21.50245638457014,-22.060961745208324
5.425049999999999,0.5,-21.50245638457014,-22.060961745208324
5.450051,0.5,-21.223203704251045,-22.060961745208324
5.475031999999999,0.5,-21.50245638457014,-22.340214425527417
5.500086999999999,0.5,-21.50245638457014,-22.060961745208324
5.525098,0.5,-21.223203704251045,-22.060961745208324
5.550063999999999,0.5,-21.50245638457014,-22.060961745208324
5.575013,0.5,-21.223203704251045,-22.060961745208324
5.600076999999999,0.5,-21.50245638457014,-22.340214425527417
5.625107999999999,0.5,-21.223203704251045,-22.060961745208324
5.650051999999999,0.5,-21.50245638457014,-22.340214425527417
5.675096999999999,0.5,-21.223203704251045,-22.060961745208324
5.699999999999999,0.5,-21.223203704251045,-22.340214425527417
5.725016,0.5,-21.50245638457014,-22.060961745208324
5.750076999999999,0.5,-21.223203704251045,-22.340214425527417
5.775105,0.5,-21.223203704251045,-22.340214425527417
5.800137999999999,0.5,-21.50245638457014,-22.060961745208324
5.8249949999999995,0.5,-21.223203704251045,-22.060961745208324
5.850073999999999,0.5,-21.50245638457014,-22.340214425527417
5.875062999999999,0.5,-21.223203704251045,-22.060961745208324
5.900001,0.5,-21.223203704251045,-22.340214425527417
5.925049999999999,0.5,-21.50245638457014,-22.060961745208324
5.950111,0.5,-21.223203704251045,-22.060961745208324
5.975123,0.5,-21.50245638457014,-22.340214425527417
6.000055999999999,0.5,-21.223203704251045,-22.060961745208324
6.025103,0.5,-21.50245638457014,-22.340214425527417
6.050023999999999,0.5,-21.223203704251045,-22.060961745208324
6.075028,0.5,-21.223203704251045,-21.78170906488923
6.099998999999999,0.5,-21.50245638457014,-22.060961745208324
6.125008999999999,0.5,-21.223203704251045,-22.060961745208324
6.150143999999999,0.5,-21.50245638457014,-22.060961745208324
6.175011,0.5,-21.223203704251045,-22.060961745208324
6.200042999999999,0.5,-21.223203704251045,-22.060961745208324
6.225000999999999,0.5,-21.223203704251045,-22.060961745208324
6.250064,0.5,-21.50245638457014,-22.340214425527417
6.275086,0.5,-21.223203704251045,-22.060961745208324
6.300101,0.5,-21.223203704251045,-22.060961745208324
6.325142999999999,0.5,-21.50245638457014,-22.340214425527417
6.350054999999999,0.5,-21.223203704251045,-22.060961745208324
6.375083,0.5,-21.223203704251045,-22.060961745208324
6.40002,0.5,-21.50245638457014,-22.340214425527417
6.4250289999999985,0.5,-21.223203704251045,-22.060961745208324
6.450078999999999,0.5,-21.50245638457014,-22.340214425527417
6.475016,0.5,-21.223203704251045,-22.060961745208324
6.5000979999999995,0.5,-21.50245638457014,-22.340214425527417
6.525174,0.5,-21.50245638457014,-22.060961745208324
6.550096999999999,0.5,-21.50245638457014,-22.340214425527417
6.575044,0.5,-21.223203704251045,-22.060961745208324
6.600045999999999,0.5,-21.50245638457014,-22.060961745208324
6.6250789999999995,0.5,-21.50245638457014,-22.340214425527417
6.650017999999999,0.5,-21.223203704251045,-22.060961745208324
6.675137999999999,0.5,-21.50245638457014,-22.340214425527417
6.700064999999999,0.5,-21.50245638457014,-22.060961745208324
6.725109,0.5,-21.223203704251045,-22.060961745208324
6.750045999999999,0.5,-21.50245638457014,-22.060961745208324
6.775025999999999,0.5,-21.50245638457014,-22.060961745208324
6.800072,0.5,-21.223203704251045,-22.340214425527417
6.825135999999999,0.5,-21.50245638457014,-22.060961745208324
6.8501509999999985,0.5,-21.50245638457014,-22.060961745208324
6.875057999999999,0.5,-21.223203704251045,-22.060961745208324
6.900053,0.5,-21.50245638457014,-22.060961745208324
6.925051,0.5,-21.50245638457014,-22.060961745208324
6.950058,0.5,-21.223203704251045,-22.060961745208324
6.975026,0.5,-21.50245638457014,-22.060961745208324
7.000007999999999,0.5,-21.223203704251045,-22.060961745208324
7.025089999999999,0.0,-21.50245638457014,-22.340214425527417
7.050006,0.0,-19.54768762233649,-20.664698343612862
7.075094,0.0,-16.47590813882647,-18.151424220741028
7.100061,0.0,-13.124875974997359,-15.638150097869193
7.125012,0.0,-10.053096491487338,-12.845623294678264
7.1499939999999995,0.0,-6.981317007977318,-10.611601852125522
7.175027999999999,0.0,-4.1887902047863905,-8.09832772925369
7.200123999999999,0.0,-1.6755160819145563,-6.14355896702004
7.2250879999999995,0.0,0.0,-3.6302848441482056
7.2500589999999985,0.0,0.0,-1.6755160819145563
7.275065,0.0,0.0,-0.2792526803190927
7.300015,0.0,0.0,0.0
7.325069999999998,0.0,0.0,0.0
7.350009999999999,0.0,0.0,0.0
7.375161,0.0,0.0,0.0
7.400049000000001,0.0,0.0,0.0
7.4251190000000005,0.0,0.0,0.0
7.450063999999999,0.0,0.0,0.0
7.475011999999998,0.0,0.0,0.0
7.499999000000001,0.0,0.0,0.0
7.525117,0.0,0.0,0.0
7.550039,0.5,-5.026548245743669,-4.468042885105484
7.575048999999998,0.5,-13.683381335635543,-12.845623294678264
7.6000630000000005,0.5,-17.872171540421935,-17.31366617978375
7.625047,0.5,-19.826940302655583,-19.54768762233649
7.649998999999999,0.5,-20.664698343612862,-20.664698343612862
7.675019000000001,0.5,-20.943951023931955,-21.223203704251045
7.700041000000001,0.5,-20.943951023931955,-21.78170906488923
7.725018,0.5,-21.223203704251045,-21.78170906488923
7.750040999999998,0.5,-21.50245638457014,-21.78170906488923
7.775039999999999,0.5,-21.223203704251045,-22.060961745208324
7.800034999999999,0.5,-21.223203704251045,-22.060961745208324
7.8250340000000005,0.5,-21.50245638457014,-21.78170906488923
7.850091000000001,0.5,-21.50245638457014,-22.340214425527417
7.875117999999999,0.5,-21.50245638457014,-22.060961745208324
7.900058,0.5,-21.50245638457014,-22.060961745208324
7.925112,0.5,-21.50245638457014,-22.060961745208324
7.950013,0.5,-21.223203704251045,-22.060961745208324
7.975059,0.5,-21.50245638457014,-22.340214425527417
8.000082999999998,0.5,-21.223203704251045,-22.060961745208324
8.025076,0.5,-21.50245638457014,-22.060961745208324
8.050032,0.5,-21.50245638457014,-22.060961745208324
8.075075,0.5,-21.50245638457014,-22.340214425527417
8.100045,0.5,-21.223203704251045,-22.060961745208324
8.124999,0.5,-21.50245638457014,-22.340214425527417
8.149993999999998,0.5,-21.50245638457014,-22.060961745208324
8.175005,0.5,-21.50245638457014,-22.060961745208324
8.200024,0.5,-21.223203704251045,-22.340214425527417
8.225154999999999,0.5,-21.50245638457014,-22.340214425527417
8.250053,0.5,-21.223203704251045,-22.060961745208324
8.275104,0.5,-21.50245638457014,-22.060961745208324
8.300053,0.5,-21.50245638457014,-22.340214425527417
8.325051999999998,0.5,-21.223203704251045,-22.060961745208324
8.350001999999998,0.5,-21.223203704251045,-22.060961745208324
8.375015,0.5,-21.50245638457014,-22.340214425527417
8.400139000000001,0.5,-21.50245638457014,-22.340214425527417
8.425056,0.5,-21.223203704251045,-21.78170906488923
8.450114999999998,0.5,-21.50245638457014,-22.340214425527417
8.475024,0.5,-21.223203704251045,-22.060961745208324
8.500006,0.5,-21.223203704251045,-22.060961745208324
8.525053999999999,0.5,-21.50245638457014,-22.340214425527417
8.550054000000001,0.5,-21.223203704251045,-22.340214425527417
8.575152000000001,0.5,-21.50245638457014,-22.060961745208324
8.600076,0.5,-21.50245638457014,-22.060961745208324
8.625102,0.5,-21.223203704251045,-22.340214425527417
8.650056000000001,0.5,-21.50245638457014,-22.060961745208324
8.675059,0.5,-21.223203704251045,-22.340214425527417
8.700013999999998,0.5,-21.50245638457014,-22.060961745208324
8.725036999999999,0.5,-21.50245638457014,-22.340214425527417
8.750040999999998,0.5,-21.223203704251045,-22.340214425527417
8.775004000000001,0.5,-21.50245638457014,-22.060961745208324
8.799998999999998,0.5,-21.50245638457014,-22.060961745208324
8.825055,0.5,-21.50245638457014,-22.340214425527417
8.850018,0.5,-21.223203704251045,-22.060961745208324
8.875071,0.5,-21.50245638457014,-22.340214425527417
8.900101999999999,0.5,-21.50245638457014,-22.060961745208324
8.925026999999998,0.5,-21.50245638457014,-22.340214425527417
8.950089999999998,0.5,-21.50245638457014,-22.060961745208324
8.975062,0.5,-21.223203704251045,-22.340214425527417
8.999992999999998,0.5,-21.50245638457014,-22.060961745208324
9.025051,0.0,-21.50245638457014,-22.340214425527417
9.050139,0.0,-19.826940302655583,-20.943951023931955
9.075107000000001,0.0,-16.19665545850738,-18.151424220741028
9.099998000000001,0.0,-13.124875974997359,-15.638150097869193
9.125043,0.0,-10.053096491487338,-13.40412865531645
9.150073,0.0,-7.260569688296411,-10.890854532444616
9.175054999999999,0.0,-4.468042885105484,-8.377580409572781
9.200041,0.0,-1.6755160819145563,-6.14355896702004
9.225128,0.0,0.0,-4.1887902047863905
9.250127999999998,0.0,0.0,-1.9547687622336491
9.275,0.0,0.0,-0.2792526803190927
9.300123000000001,0.0,0.0,0.0
9.325009,0.0,0.0,0.0
9.350028,0.0,0.0,0.0
9.375067,0.0,0.0,0.0
9.400018999999999,0.0,0.0,0.0
9.425130000000001,0.0,0.0,0.0
9.450006,0.0,0.0,0.0
9.475081999999999,0.0,0.0,0.0
9.500006999999998,0.0,0.0,0.0
9.52511,0.0,0.0,0.0
9.550054999999999,0.0,0.0,0.0
9.575047,0.0,0.0,0.0
9.600001999999998,0.0,0.0,0.0
9.625082999999998,0.0,0.0,0.0
9.650018999999999,0.0,0.0,0.0
9.675026,0.0,0.0,0.0
9.699997999999999,0.0,0.0,0.0
9.725048,0.0,0.0,0.0
9.750079999999999,0.0,0.0,0.0
9.775080999999998,0.0,0.0,0.0
9.800056,0.0,0.0,0.0
9.825007999999999,0.0,0.0,0.0
9.850014,0.0,0.0,0.0
9.875023,0.0,0.0,0.0
9.900107,0.0,0.0,0.0
9.925115,0.0,0.0,0.0
9.949995,0.0,0.0,0.0
9.975091999999998,0.0,0.0,0.0
10.000024999999999,0.0,0.0,0.0
10.025097999999998,0.5,0.0,0.0
10.050005999999998,0.5,-6.702064327658225,-6.422811647339132
10.075014999999999,0.5,-14.800392056911914,-14.241886696273728
10.100132,0.5,-18.43067690106012,-17.872171540421935
10.125040999999998,0.5,-19.54768762233649,-19.826940302655583
10.150141,0.5,-20.664698343612862,-21.223203704251045
10.17505,0.5,-20.943951023931955,-21.50245638457014
10.200027999999998,0.5,-21.223203704251045,-21.50245638457014
10.225060999999998,0.5,-21.223203704251045,-22.060961745208324
10.250022,0.5,-21.223203704251045,-22.060961745208324
10.275145999999998,0.5,-21.50245638457014,-22.060961745208324
10.300054999999999,0.5,-21.50245638457014,-22.060961745208324
10.325073999999999,0.5,-21.223203704251045,-22.060961745208324
10.350057999999999,0.5,-21.50245638457014,-22.060961745208324
10.375044,0.5,-21.50245638457014,-22.340214425527417
10.400011000000001,0.5,-21.223203704251045,-22.060961745208324
10.425025,0.5,-21.50245638457014,-22.340214425527417
10.450158,0.5,-21.50245638457014,-22.340214425527417
10.475066,0.5,-21.50245638457014,-22.060961745208324
10.499992,0.5,-21.223203704251045,-22.340214425527417
10.525098999999999,0.0,-21.78170906488923,-22.340214425527417
10.550026,0.0,-19.54768762233649,-20.943951023931955
10.575041999999998,0.0,-16.47590813882647,-18.43067690106012
10.600049,0.0,-13.40412865531645,-15.638150097869193
10.625002,0.0,-10.332349171806431,-13.40412865531645
10.650014999999998,0.0,-7.5398223686155035,-11.170107212763709
10.675030999999999,0.0,-4.747295565424577,-8.656833089891874
10.700000999999999,0.0,-1.9547687622336491,-6.422811647339132
10.725019999999999,0.0,-0.2792526803190927,-4.468042885105484
10.750065999999999,0.0,0.0,-2.234021442552742
10.775076,0.0,0.0,-0.2792526803190927
10.800057999999998,0.0,0.0,0.0
10.825073999999999,0.0,0.0,0.0
10.850041,0.0,0.0,0.0
10.875044,0.0,0.0,0.0
10.900052999999998,0.0,0.0,0.0
10.92508,0.0,0.0,0.0
10.950088,0.0,0.0,0.0
10.975026999999999,0.0,0.0,0.0
11.000103000000001,0.0,0.0,0.0
11.025204,0.5,0.0,0.0
11.050057,0.5,-6.422811647339132,-6.14355896702004
11.075057,0.5,-14.521139376592823,-13.962634015954636
11.100129999999998,0.5,-18.43067690106012,-18.151424220741028
11.125136,0.5,-19.826940302655583,-20.106192982974676
11.150070999999999,0.5,-20.943951023931955,-20.943951023931955
11.175115,0.5,-20.943951023931955,-21.50245638457014
11.200038999999999,0.5,-21.223203704251045,-21.78170906488923
11.225019999999999,0.5,-21.50245638457014,-22.060961745208324
11.250081,0.5,-21.223203704251045,-22.060961745208324
11.275028999999998,0.5,-21.50245638457014,-22.340214425527417
11.300154000000001,0.5,-21.50245638457014,-22.340214425527417
11.325037,0.5,-21.50245638457014,-21.78170906488923
11.350064999999999,0.5,-21.50245638457014,-22.340214425527417
11.375074,0.5,-21.50245638457014,-22.340214425527417
11.400049999999998,0.5,-21.50245638457014,-22.060961745208324
11.425016000000001,0.5,-21.50245638457014,-22.340214425527417
11.450034,0.5,-21.50245638457014,-22.340214425527417
11.475154999999999,0.5,-21.50245638457014,-22.340214425527417
11.500096000000001,0.5,-21.50245638457014,-22.060961745208324
11.525063999999999,0.0,-21.50245638457014,-22.340214425527417
11.550009000000001,0.0,-19.826940302655583,-20.943951023931955
11.57501,0.0,-16.47590813882647,-18.151424220741028
11.600001,0.0,-13.683381335635543,-15.917402778188285
11.625024999999999,0.0,-10.332349171806431,-13.40412865531645
11.650135,0.0,-7.5398223686155035,-11.170107212763709
11.675021,0.0,-4.747295565424577,-8.656833089891874
11.700082,0.0,-2.234021442552742,-6.422811647339132
11.725048,0.0,-0.2792526803190927,-4.1887902047863905
11.750020000000001,0.0,0.0,-2.234021442552742
11.774997999999998,0.0,0.0,-0.5585053606381855
11.800012999999998,0.0,0.0,0.0
11.825152000000001,0.0,0.0,0.0
11.850001999999998,0.0,0.0,0.0
11.875105,0.0,0.0,0.0
11.900017,0.0,0.0,0.0
11.925016000000001,0.0,0.0,0.0
11.950076000000001,0.0,0.0,0.0
11.975138,0.0,0.0,0.0
12.000179999999999,0.0,0.0,0.0
12.02512,0.5,0.0,0.0
12.050088,0.5,-6.702064327658225,-6.422811647339132
12.075062,0.5,-14.800392056911914,-14.241886696273728
12.100063999999998,0.5,-18.43067690106012,-18.43067690106012
12.125016999999998,0.5,-20.106192982974676,-20.106192982974676
12.150042000000001,0.5,-20.664698343612862,-20.943951023931955
12.175064,0.5,-20.943951023931955,-21.78170906488923
12.200080999999999,0.5,-21.50245638457014,-21.78170906488923
12.225004999999998,0.5,-21.223203704251045,-22.060961745208324
12.25003,0.5,-21.50245638457014,-22.340214425527417
12.275031,0.5,-21.223203704251045,-22.060961745208324
12.300057999999998,0.5,-21.50245638457014,-22.340214425527417
12.325079999999998,0.5,-21.50245638457014,-22.060961745208324
12.349998999999999,0.5,-21.50245638457014,-22.340214425527417
12.375072999999999,0.5,-21.50245638457014,-22.340214425527417
12.400007,0.5,-21.50245638457014,-22.060961745208324
12.425039,0.5,-21.50245638457014,-22.340214425527417
12.450000999999999,0.5,-21.223203704251045,-22.340214425527417
12.475084999999998,0.5,-21.78170906488923,-22.340214425527417
12.500075999999998,0.5,-21.50245638457014,-22.060961745208324
12.525068,0.5,-21.50245638457014,-22.340214425527417
12.55008,0.5,-21.223203704251045,-22.340214425527417
12.575058999999998,0.5,-21.50245638457014,-22.340214425527417
12.600015999999998,0.5,-21.50245638457014,-22.060961745208324
12.62503,0.5,-21.50245638457014,-22.340214425527417
12.650118999999998,0.5,-21.50245638457014,-22.340214425527417
12.675111,0.5,-21.50245638457014,-22.340214425527417
12.700027,0.5,-21.223203704251045,-22.060961745208324
12.725112999999999,0.5,-21.50245638457014,-22.340214425527417
12.750037,0.5,-21.50245638457014,-22.340214425527417
12.774994999999999,0.5,-21.50245638457014,-22.340214425527417
12.800068999999999,0.5,-21.50245638457014,-22.340214425527417
12.825016,0.5,-21.50245638457014,-22.060961745208324
12.850132999999998,0.5,-21.78170906488923,-22.340214425527417
12.875044999999998,0.5,-21.50245638457014,-22.340214425527417
12.900121,0.5,-21.50245638457014,-22.340214425527417
12.925053,0.5,-21.50245638457014,-22.060961745208324
12.950021999999999,0.5,-21.50245638457014,-22.340214425527417
12.975066,0.5,-21.50245638457014,-22.340214425527417
13.000082,0.5,-21.50245638457014,-22.340214425527417
13.025138,0.0,-21.50245638457014,-22.340214425527417
13.050051999999999,0.0,-19.826940302655583,-20.943951023931955
13.075085,0.0,-16.755160819145562,-18.43067690106012
13.09999,0.0,-13.40412865531645,-15.917402778188285
13.125040999999998,0.0,-10.332349171806431,-13.40412865531645
13.150039999999999,0.0,-7.260569688296411,-11.170107212763709
13.175073,0.0,-4.747295565424577,-8.936085770210967
13.200028999999999,0.0,-1.9547687622336491,-6.422811647339132
13.225011,0.0,-0.2792526803190927,-4.468042885105484
13.250019,0.0,0.0,-2.234021442552742
13.275037,0.0,0.0,-0.5585053606381855
13.300002999999998,0.0,0.0,0.0
13.325051,0.0,0.0,0.0
13.35007,0.0,0.0,0.0
13.37506,0.0,0.0,0.0
13.400042000000001,0.0,0.0,0.0
13.425004,0.0,0.0,0.0
13.450041,0.0,0.0,0.0
13.475053,0.0,0.0,0.0
13.500064,0.0,0.0,0.0
13.525106,0.5,0.0,0.0
13.55005,0.5,-6.702064327658225,-6.422811647339132
13.575013,0.5,-14.800392056911914,-14.241886696273728
13.600004999999998,0.5,-18.43067690106012,-18.151424220741028
13.625012,0.5,-19.826940302655583,-20.106192982974676
13.650024,0.5,-20.943951023931955,-21.223203704251045
13.67505,0.5,-21.223203704251045,-21.50245638457014
13.700104999999999,0.5,-21.223203704251045,-22.060961745208324
13.725063,0.5,-21.50245638457014,-21.78170906488923
13.750047,0.5,-21.50245638457014,-22.340214425527417
13.775049999999998,0.5,-21.50245638457014,-22.060961745208324
13.800050999999998,0.5,-21.50245638457014,-22.060961745208324
13.825007999999999,0.5,-21.50245638457014,-22.340214425527417
13.850076,0.5,-21.50245638457014,-22.340214425527417
13.875096999999998,0.5,-21.50245638457014,-22.340214425527417
13.900045,0.5,-21.50245638457014,-22.060961745208324
13.925043,0.5,-21.50245638457014,-22.340214425527417
13.949996999999998,0.5,-21.50245638457014,-22.340214425527417
13.975049999999998,0.5,-21.78170906488923,-22.340214425527417
14.000071,0.5,-21.50245638457014,-22.340214425527417
14.025118999999998,0.5,-21.78170906488923,-22.61946710584651
14.050173,0.5,-21.50245638457014,-22.340214425527417
14.075000000000001,0.5,-21.50245638457014,-22.060961745208324
14.100112999999999,0.5,-21.50245638457014,-22.61946710584651
14.125058000000001,0.5,-21.50245638457014,-22.060961745208324
14.150015999999999,0.5,-21.50245638457014,-22.340214425527417
14.174991999999998,0.5,-21.50245638457014,-22.340214425527417
14.200113,0.5,-21.50245638457014,-22.340214425527417
14.225156999999998,0.5,-21.50245638457014,-22.61946710584651
14.250079999999999,0.5,-21.50245638457014,-22.060961745208324
14.275138,0.5,-21.50245638457014,-22.340214425527417
14.300050999999998,0.5,-21.223203704251045,-22.060961745208324
14.325035999999999,0.5,-21.78170906488923,-22.340214425527417
14.350053999999998,0.5,-21.50245638457014,-22.060961745208324
14.375016,0.5,-21.50245638457014,-22.340214425527417
14.400139999999999,0.5,-21.50245638457014,-22.61946710584651
14.424995999999998,0.5,-21.223203704251045,-22.060961745208324
14.450110999999998,0.5,-21.50245638457014,-22.340214425527417
14.475050999999999,0.5,-21.50245638457014,-22.340214425527417
14.500234,0.5,-21.78170906488923,-22.61946710584651
14.525055,0.5,-21.223203704251045,-22.060961745208324
14.550036,0.5,-21.50245638457014,-22.340214425527417
14.575171,0.5,-21.50245638457014,-22.340214425527417
14.600018999999998,0.5,-20.943951023931955,-22.060961745208324
14.625107999999999,0.5,-21.50245638457014,-22.61946710584651
14.650014999999998,0.5,-21.223203704251045,-22.340214425527417
14.675022999999998,0.5,-21.50245638457014,-22.340214425527417
14.700007000000001,0.5,-21.50245638457014,-22.060961745208324
14.725098999999998,0.5,-21.50245638457014,-22.61946710584651
14.75016,0.5,-21.223203704251045,-22.340214425527417
14.775069999999998,0.5,-21.50245638457014,-22.060961745208324
14.800074999999998,0.5,-21.50245638457014,-22.340214425527417
14.825038000000001,0.5,-21.223203704251045,-22.340214425527417
14.850004999999998,0.5,-21.50245638457014,-22.340214425527417
14.874999999999998,0.5,-21.50245638457014,-22.340214425527417
14.900142,0.5,-21.50245638457014,-22.61946710584651
14.925157,0.5,-21.50245638457014,-22.340214425527417
14.950044,0.5,-21.223203704251045,-22.340214425527417
14.975124,0.5,-21.78170906488923,-22.340214425527417
15.000068,0.5,-21.223203704251045,-22.340214425527417
15.02518,0.5,-21.78170906488923,-22.340214425527417
15.050071,0.5,-21.50245638457014,-22.340214425527417
15.07505,0.5,-21.50245638457014,-22.340214425527417
15.100004999999998,0.5,-21.50245638457014,-22.340214425527417
15.125017999999999,0.5,-21.50245638457014,-22.340214425527417
15.150007999999998,0.5,-21.50245638457014,-22.340214425527417
15.175043999999998,0.5,-21.50245638457014,-22.61946710584651
15.199996,0.5,-21.50245638457014,-22.340214425527417
15.225063,0.5,-21.50245638457014,-22.340214425527417
15.250116,0.5,-21.78170906488923,-22.340214425527417
15.275082,0.5,-21.223203704251045,-22.340214425527417
15.300032,0.5,-21.50245638457014,-22.340214425527417
15.325051,0.5,-21.50245638457014,-22.340214425527417
15.350053999999998,0.5,-21.50245638457014,-22.340214425527417
15.375061999999998,0.5,-21.50245638457014,-22.340214425527417
15.40011,0.5,-21.50245638457014,-22.340214425527417
15.501841999999998,0.5,-87.40608893987601,-90.75712110370513
15.524997,0.0,-18.989182261698307,-19.826940302655583
15.549995000000001,0.0,-17.59291886010284,-19.268434942017397
15.575014999999999,0.0,-14.241886696273728,-16.755160819145562
15.600062,0.0,-11.170107212763709,-14.241886696273728
15.625079999999999,0.0,-8.377580409572781,-11.4493598930828
15.650025999999999,0.0,-5.305800926062761,-9.494591130849154
15.675018,0.0,-2.5132741228718345,-6.981317007977318
15.700052999999999,0.0,-0.5585053606381855,-5.026548245743669
15.725067999999998,0.0,0.0,-2.5132741228718345
15.750033,0.0,0.0,-0.8377580409572781
15.775114999999998,0.0,0.0,0.0
15.800123000000001,0.0,0.0,0.0
15.82502,0.0,0.0,0.0
15.8501,0.0,0.0,0.0
15.874998,0.0,0.0,0.0
15.900018000000001,0.0,0.0,0.0
15.924998,0.0,0.0,0.0
15.950107000000001,0.0,0.0,0.0
15.975138,0.0,0.0,0.0
16.000022,0.0,0.0,0.0
16.025129999999997,0.0,0.0,0.0
16.05005,0.0,0.0,0.0
16.07504,0.0,0.0,0.0
16.100037999999998,0.0,0.0,0.0
16.125020999999997,0.0,0.0,0.0
16.149991999999997,0.0,0.0,0.0
16.175033999999997,0.0,0.0,0.0
16.200018999999998,0.0,0.0,0.0
16.225022000000003,0.0,0.0,0.0
16.250051999999997,0.0,0.0,0.0
16.275047,0.0,0.0,0.0
16.300069999999998,0.0,0.0,0.0
16.325062000000003,0.0,0.0,0.0
16.350071,0.0,0.0,0.0
16.374999000000003,0.0,0.0,0.0
16.400038000000002,0.0,0.0,0.0
16.425013999999997,0.0,0.0,0.0
16.450063,0.0,0.0,0.0
16.475093,0.0,0.0,0.0
16.500109000000002,0.0,0.0,0.0
16.525059999999996,0.5,0.0,0.0
16.549999999999997,0.5,-6.981317007977318,-6.702064327658225
16.575066999999997,0.5,-14.800392056911914,-14.241886696273728
16.600036000000003,0.5,-18.43067690106012,-18.151424220741028
16.625099999999996,0.5,-20.106192982974676,-20.106192982974676
16.65012,0.5,-20.664698343612862,-20.943951023931955
16.674998000000002,0.5,-20.943951023931955,-21.50245638457014
16.700055,0.5,-21.223203704251045,-21.78170906488923
16.725034,0.5,-21.223203704251045,-22.060961745208324
16.749997999999998,0.5,-21.50245638457014,-22.060961745208324
16.775083000000002,0.5,-21.50245638457014,-22.340214425527417
16.800120999999997,0.5,-21.50245638457014,-22.060961745208324
16.825117,0.5,-21.223203704251045,-22.060961745208324
16.850023999999998,0.5,-21.50245638457014,-22.340214425527417
16.875051,0.5,-21.50245638457014,-22.060961745208324
16.900025,0.5,-21.50245638457014,-22.340214425527417
16.924991,0.5,-21.50245638457014,-22.060961745208324
16.950082000000002,0.5,-21.50245638457014,-22.61946710584651
16.975022000000003,0.5,-21.50245638457014,-22.060961745208324
17.000147999999996,0.5,-21.78170906488923,-22.61946710584651
17.025239999999997,0.0,-21.50245638457014,-22.340214425527417
17.050060000000002,0.0,-19.826940302655583,-20.664698343612862
17.075052999999997,0.0,-16.47590813882647,-18.43067690106012
17.100032,0.0,-13.40412865531645,-15.917402778188285
17.125062999999997,0.0,-10.611601852125522,-13.40412865531645
17.150123999999998,0.0,-7.5398223686155035,-11.170107212763709
17.175148999999998,0.0,-4.747295565424577,-8.656833089891874
17.200003000000002,0.0,-2.234021442552742,-6.422811647339132
17.225119,0.0,0.0,-4.468042885105484
17.250062999999997,0.0,0.0,-2.234021442552742
17.275017,0.0,0.0,-0.2792526803190927
17.300005999999996,0.0,0.0,0.0
17.325007999999997,0.0,0.0,0.0
17.350158,0.0,0.0,0.0
17.375008,0.0,0.0,0.0
17.400132,0.0,0.0,0.0
17.425057000000002,0.0,0.0,0.0
17.450032,0.0,0.0,0.0
17.475073000000002,0.0,0.0,0.0
17.500130999999996,0.0,0.0,0.0
17.525134,0.0,0.0,0.0
17.550057000000002,0.0,0.0,0.0
17.575037000000002,0.0,0.0,0.0
17.600043,0.0,0.0,0.0
17.625023,0.0,0.0,0.0
17.650076999999996,0.0,0.0,0.0
17.675018,0.0,0.0,0.0
17.700072,0.0,0.0,0.0
17.725057999999997,0.0,0.0,0.0
17.750067,0.0,0.0,0.0
17.775014999999996,0.0,0.0,0.0
17.800055999999998,0.0,0.0,0.0
17.825055,0.0,0.0,0.0
17.850048,0.0,0.0,0.0
17.875025,0.0,0.0,0.0
17.900002,0.0,0.0,0.0
17.925019,0.0,0.0,0.0
17.950021,0.0,0.0,0.0
17.975039000000002,0.0,0.0,0.0
18.000034999999997,0.0,0.0,0.0
18.025142000000002,0.5,0.0,0.0
18.049999,0.5,-6.702064327658225,-6.14355896702004
18.075034000000002,0.5,-14.800392056911914,-14.241886696273728
18.100034,0.5,-18.43067690106012,-18.151424220741028
18.125009,0.5,-19.826940302655583,-20.106192982974676
18.150022999999997,0.5,-20.664698343612862,-20.943951023931955
18.17508,0.5,-21.223203704251045,-21.78170906488923
18.200111999999997,0.5,-21.50245638457014,-22.060961745208324
18.225054999999998,0.5,-21.223203704251045,-22.060961745208324
18.250068,0.5,-21.50245638457014,-22.060961745208324
18.275021000000002,0.5,-21.50245638457014,-22.060961745208324
18.299999999999997,0.5,-21.50245638457014,-22.340214425527417
18.325015,0.5,-21.50245638457014,-22.060961745208324
18.350130999999998,0.5,-21.78170906488923,-22.61946710584651
18.375154000000002,0.5,-21.50245638457014,-22.060961745208324
18.400013,0.5,-21.223203704251045,-22.340214425527417
18.425133000000002,0.5,-21.78170906488923,-22.340214425527417
18.450052999999997,0.5,-21.50245638457014,-22.340214425527417
18.475051999999998,0.5,-21.50245638457014,-22.340214425527417
18.500030000000002,0.5,-21.50245638457014,-22.340214425527417
18.525134,0.5,-21.50245638457014,-22.340214425527417
18.55003,0.5,-21.50245638457014,-22.340214425527417
18.575000000000003,0.5,-21.50245638457014,-22.340214425527417
18.600023,0.5,-21.78170906488923,-22.340214425527417
18.625028,0.5,-21.50245638457014,-22.340214425527417
18.650014,0.5,-21.50245638457014,-22.340214425527417
18.675072999999998,0.5,-21.50245638457014,-22.340214425527417
18.700088,0.5,-21.78170906488923,-22.61946710584651
18.725085,0.5,-21.50245638457014,-22.340214425527417
18.750005,0.5,-21.50245638457014,-22.340214425527417
18.774997,0.5,-21.50245638457014,-22.340214425527417
18.800007,0.5,-21.50245638457014,-22.340214425527417
18.82501,0.5,-21.78170906488923,-22.340214425527417
18.850074999999997,0.5,-21.50245638457014,-22.340214425527417
18.875103000000003,0.5,-21.50245638457014,-22.61946710584651
18.900078,0.5,-21.50245638457014,-22.340214425527417
18.925064,0.5,-21.50245638457014,-22.340214425527417
18.950013,0.5,-21.50245638457014,-22.340214425527417
18.975062,0.5,-21.50245638457014,-22.340214425527417
19.000044000000003,0.5,-21.50245638457014,-22.340214425527417
19.025115,0.0,-21.50245638457014,-22.61946710584651
19.050156,0.0,-20.106192982974676,-20.943951023931955
19.075018,0.0,-16.47590813882647,-18.151424220741028
19.100113999999998,0.0,-13.683381335635543,-16.19665545850738
19.125014999999998,0.0,-10.332349171806431,-13.124875974997359
19.150044,0.0,-7.5398223686155035,-10.890854532444616
19.175064999999996,0.0,-4.747295565424577,-8.377580409572781
19.200105999999998,0.0,-2.234021442552742,-6.14355896702004
19.225029999999997,0.0,-0.2792526803190927,-3.6302848441482056
19.250045999999998,0.0,0.0,-1.6755160819145563
19.274997999999997,0.0,0.0,0.0
19.300009000000003,0.0,0.0,0.0
19.325035,0.0,0.0,0.0
19.350029,0.0,0.0,0.0
19.375045,0.0,0.0,0.0
19.400170000000003,0.0,0.0,0.0
19.425033999999997,0.0,0.0,0.0
19.450035999999997,0.0,0.0,0.0
19.475014,0.0,0.0,0.0
19.499991,0.0,0.0,0.0
19.52518,0.5,0.0,0.0
19.550072999999998,0.5,-6.702064327658225,-6.14355896702004
19.575021,0.5,-15.079644737231007,-13.962634015954636
19.600040999999997,0.5,-18.151424220741028,-17.872171540421935
19.625120000000003,0.5,-20.106192982974676,-19.826940302655583
19.650011999999997,0.5,-20.664698343612862,-20.664698343612862
19.675002,0.5,-21.223203704251045,-21.50245638457014
19.700049999999997,0.5,-21.223203704251045,-21.78170906488923
19.725104,0.5,-21.50245638457014,-22.060961745208324
19.749992999999996,0.5,-21.50245638457014,-22.060961745208324
19.775036999999998,0.5,-21.50245638457014,-22.060961745208324
19.800055,0.5,-21.50245638457014,-22.340214425527417
19.825037000000002,0.5,-21.50245638457014,-22.060961745208324
19.850009999999997,0.5,-21.50245638457014,-22.060961745208324
19.875061000000002,0.5,-21.50245638457014,-22.340214425527417
19.900078,0.5,-21.50245638457014,-22.340214425527417
19.925061,0.5,-21.78170906488923,-22.340214425527417
19.950041,0.5,-21.50245638457014,-22.060961745208324
19.975046999999996,0.5,-21.50245638457014,-22.340214425527417
19.999988000000002,0.5,-21.50245638457014,-22.340214425527417
20.025097000000002,0.0,-21.50245638457014,-22.340214425527417
20.050119000000002,0.0,-19.826940302655583,-20.943951023931955
20.075131999999996,0.0,-16.755160819145562,-18.43067690106012
20.100001,0.0,-13.40412865531645,-15.917402778188285
20.125048,0.0,-10.611601852125522,-13.40412865531645
20.15001,0.0,-7.5398223686155035,-11.170107212763709
20.175036,0.0,-5.026548245743669,-8.656833089891874
20.200015999999998,0.0,-2.234021442552742,-6.422811647339132
20.225098000000003,0.0,0.0,-4.468042885105484
20.250113,0.0,0.0,-2.234021442552742
20.275005,0.0,0.0,-0.2792526803190927
20.300089,0.0,0.0,0.0
20.325010999999996,0.0,0.0,0.0
20.350071999999997,0.0,0.0,0.0
20.375048,0.0,0.0,0.0
20.400111000000003,0.0,0.0,0.0
20.425126999999996,0.0,0.0,0.0
20.450024,0.0,0.0,0.0
20.475102999999997,0.0,0.0,0.0
20.500030000000002,0.0,0.0,0.0
20.525149,0.0,0.0,0.0
20.550024,0.0,0.0,0.0
20.575026,0.0,0.0,0.0
20.600155,0.0,0.0,0.0
20.62505,0.0,0.0,0.0
20.650038000000002,0.0,0.0,0.0
20.675054000000003,0.0,0.0,0.0
20.700068,0.0,0.0,0.0
20.725094,0.0,0.0,0.0
20.750026,0.0,0.0,0.0
20.775045,0.0,0.0,0.0
20.800038999999998,0.0,0.0,0.0
20.825000000000003,0.0,0.0,0.0
20.850049,0.0,0.0,0.0
20.874992,0.0,0.0,0.0
20.900019999999998,0.0,0.0,0.0
20.925069,0.0,0.0,0.0
20.950032,0.0,0.0,0.0
20.975037,0.0,0.0,0.0
21.000028999999998,0.0,0.0,0.0
21.025185999999998,0.5,0.0,0.0
21.050064,0.5,-6.702064327658225,-6.14355896702004
21.075086,0.5,-15.079644737231007,-14.521139376592823
21.100113,0.5,-18.43067690106012,-17.872171540421935
21.125,0.5,-19.826940302655583,-20.106192982974676
21.150033,0.5,-20.943951023931955,-21.223203704251045
21.175064,0.5,-21.223203704251045,-21.50245638457014
21.199990999999997,0.5,-21.50245638457014,-21.78170906488923
21.225045,0.5,-21.50245638457014,-22.060961745208324
21.250124999999997,0.5,-21.50245638457014,-22.340214425527417
21.275128000000002,0.5,-21.50245638457014,-22.060961745208324
21.300022,0.5,-21.50245638457014,-22.060961745208324
21.325068,0.5,-21.50245638457014,-22.340214425527417
21.350023,0.5,-21.50245638457014,-22.340214425527417
21.375002000000002,0.5,-21.50245638457014,-22.060961745208324
21.40007,0.5,-21.50245638457014,-22.340214425527417
21.425012000000002,0.5,-21.50245638457014,-22.340214425527417
21.450144,0.5,-21.50245638457014,-22.340214425527417
21.475065999999998,0.5,-21.50245638457014,-22.340214425527417
21.500157,0.5,-21.50245638457014,-22.340214425527417
21.525002999999998,0.5,-21.50245638457014,-22.060961745208324
21.550054000000003,0.5,-21.50245638457014,-22.340214425527417
21.575026,0.5,-21.50245638457014,-22.340214425527417
21.600037,0.5,-21.50245638457014,-22.340214425527417
21.625141999999997,0.5,-21.78170906488923,-22.61946710584651
21.650022999999997,0.5,-21.223203704251045,-22.060961745208324
21.675122,0.5,-21.78170906488923,-22.340214425527417
21.700049999999997,0.5,-21.50245638457014,-22.340214425527417
21.725026,0.5,-21.50245638457014,-22.340214425527417
21.750006999999997,0.5,-21.50245638457014,-22.340214425527417
21.775028,0.5,-21.50245638457014,-22.340214425527417
21.800151999999997,0.5,-21.78170906488923,-22.340214425527417
21.825023,0.5,-21.50245638457014,-22.340214425527417
21.850102999999997,0.5,-21.78170906488923,-22.340214425527417
21.875054999999996,0.5,-21.50245638457014,-22.340214425527417
21.900073,0.5,-21.50245638457014,-22.340214425527417
21.925027,0.5,-21.50245638457014,-22.060961745208324
21.950041,0.5,-21.78170906488923,-22.340214425527417
21.97504,0.5,-21.50245638457014,-22.340214425527417
22.000076,0.5,-21.50245638457014,-22.61946710584651
22.025022999999997,0.0,-21.50245638457014,-22.060961745208324
22.049999,0.0,-19.826940302655583,-20.943951023931955
22.075024,0.0,-16.755160819145562,-18.43067690106012
22.100105999999997,0.0,-13.40412865531645,-16.19665545850738
22.125118999999998,0.0,-10.332349171806431,-13.40412865531645
22.150025,0.0,-7.5398223686155035,-10.890854532444616
22.175078,0.0,-4.747295565424577,-8.656833089891874
22.200029,0.0,-1.9547687622336491,-6.702064327658225
22.225043,0.0,-0.2792526803190927,-4.1887902047863905
22.250056,0.0,0.0,-2.5132741228718345
22.275089,0.0,0.0,-0.2792526803190927
22.300094,0.0,0.0,0.0
22.325076000000003,0.0,0.0,0.0
22.350057999999997,0.0,0.0,0.0
22.375054999999996,0.0,0.0,0.0
22.400047,0.0,0.0,0.0
22.425024999999998,0.0,0.0,0.0
22.450086,0.0,0.0,0.0
22.475108,0.0,0.0,0.0
22.500234999999996,0.0,0.0,0.0
22.525183,0.5,0.0,0.0
22.550032,0.5,-6.422811647339132,-6.14355896702004
22.575055999999996,0.5,-14.521139376592823,-13.962634015954636
22.600060999999997,0.5,-18.43067690106012,-17.872171540421935
22.625104999999998,0.5,-19.826940302655583,-19.826940302655583
22.650140999999998,0.5,-20.664698343612862,-20.664698343612862
22.675033999999997,0.5,-21.223203704251045,-21.50245638457014
22.700083999999997,0.5,-21.223203704251045,-21.78170906488923
22.725051,0.5,-21.223203704251045,-22.060961745208324
22.750011,0.5,-21.50245638457014,-21.78170906488923
22.775093,0.5,-21.50245638457014,-22.340214425527417
22.800103,0.5,-21.50245638457014,-22.340214425527417
22.825145,0.5,-21.78170906488923,-22.060961745208324
22.850060999999997,0.5,-21.223203704251045,-22.340214425527417
22.875048999999997,0.5,-21.50245638457014,-22.060961745208324
22.900038000000002,0.5,-21.50245638457014,-22.340214425527417
22.925013999999997,0.5,-21.50245638457014,-22.340214425527417
22.950072999999996,0.5,-21.50245638457014,-22.340214425527417
22.975020999999998,0.5,-21.50245638457014,-22.340214425527417
23.000084,0.5,-21.78170906488923,-22.340214425527417
23.025112999999997,0.5,-21.50245638457014,-22.340214425527417
23.050041999999998,0.5,-21.223203704251045,-22.060961745208324
23.074992,0.5,-21.50245638457014,-22.340214425527417
23.100057,0.5,-21.50245638457014,-22.340214425527417
23.125014,0.5,-21.50245638457014,-22.060961745208324
23.150045,0.5,-21.50245638457014,-22.340214425527417
23.175022999999996,0.5,-21.50245638457014,-22.340214425527417
23.200046999999998,0.5,-21.50245638457014,-22.340214425527417
23.225018999999996,0.5,-21.50245638457014,-22.340214425527417
23.250034,0.5,-21.50245638457014,-22.060961745208324
23.274999,0.5,-21.50245638457014,-22.340214425527417
23.300042999999995,0.5,-21.50245638457014,-22.340214425527417
23.325064999999995,0.5,-21.50245638457014,-22.060961745208324
23.350027999999995,0.5,-21.50245638457014,-22.340214425527417
23.375003,0.5,-21.223203704251045,-22.060961745208324
23.400104,0.5,-21.78170906488923,-22.340214425527417
23.425041999999998,0.5,-21.223203704251045,-22.340214425527417
23.450027999999996,0.5,-21.50245638457014,-22.060961745208324
23.475069999999995,0.5,-21.50245638457014,-22.340214425527417
23.500177,0.5,-21.78170906488923,-22.61946710584651
23.525214,0.0,-21.50245638457014,-22.060961745208324
23.550106,0.0,-19.54768762233649,-20.943951023931955
23.574996999999996,0.0,-16.47590813882647,-18.43067690106012
23.600065999999998,0.0,-13.40412865531645,-15.917402778188285
23.625059999999998,0.0,-10.332349171806431,-13.40412865531645
23.650087999999997,0.0,-7.260569688296411,-10.890854532444616
23.675097,0.0,-4.747295565424577,-8.936085770210967
23.699998,0.0,-1.6755160819145563,-6.422811647339132
23.725079,0.0,-0.2792526803190927,-4.468042885105484
23.750116,0.0,0.0,-2.234021442552742
23.77505,0.0,0.0,-0.5585053606381855
23.80001,0.0,0.0,0.0
23.825061999999996,0.0,0.0,0.0
23.850099999999998,0.0,0.0,0.0
23.875015999999995,0.0,0.0,0.0
23.900129999999997,0.0,0.0,0.0
23.92503,0.0,0.0,0.0
23.950004,0.0,0.0,0.0
23.975054,0.0,0.0,0.0
24.00013,0.0,0.0,0.0
24.025067999999997,0.0,0.0,0.0
24.050005999999996,0.0,0.0,0.0
24.075052,0.0,0.0,0.0
24.100006,0.0,0.0,0.0
24.125028999999998,0.0,0.0,0.0
24.150025,0.0,0.0,0.0
24.175055,0.0,0.0,0.0
24.199999999999996,0.0,0.0,0.0
24.225052999999996,0.0,0.0,0.0
24.250056999999998,0.0,0.0,0.0
24.275068999999995,0.0,0.0,0.0
24.300019999999996,0.0,0.0,0.0
24.32508,0.0,0.0,0.0
24.350029999999997,0.0,0.0,0.0
24.375039,0.0,0.0,0.0
24.400003999999996,0.0,0.0,0.0
24.425014999999995,0.0,0.0,0.0
24.450038,0.0,0.0,0.0
24.475043999999997,0.0,0.0,0.0
24.500017,0.0,0.0,0.0
24.603258999999994,0.0,0.0,0.0
24.625146,0.5,-3.3510321638291125,-3.07177948351002
24.650047,0.5,-13.124875974997359,-12.007865253720986
24.675013999999997,0.5,-17.31366617978375,-16.755160819145562
24.700001999999998,0.5,-19.54768762233649,-19.54768762233649
24.725010999999995,0.5,-20.664698343612862,-20.664698343612862
24.750125999999995,0.5,-21.223203704251045,-21.223203704251045
24.775016,0.5,-20.943951023931955,-21.50245638457014
24.800062999999994,0.5,-21.50245638457014,-22.060961745208324
24.824998,0.5,-21.50245638457014,-21.78170906488923
24.849993999999995,0.5,-21.50245638457014,-22.340214425527417
24.875084,0.5,-21.78170906488923,-22.060961745208324
24.900037999999995,0.5,-21.50245638457014,-22.060961745208324
24.925146999999996,0.5,-21.50245638457014,-22.340214425527417
24.950044999999996,0.5,-21.50245638457014,-22.060961745208324
24.975085999999997,0.5,-21.50245638457014,-22.060961745208324
25.000037999999996,0.5,-21.50245638457014,-22.340214425527417
25.025090999999996,0.0,-21.78170906488923,-22.060961745208324
25.050036999999996,0.0,-19.826940302655583,-20.943951023931955
25.075063999999998,0.0,-16.47590813882647,-18.43067690106012
25.100040999999997,0.0,-13.683381335635543,-15.638150097869193
25.125031,0.0,-10.332349171806431,-13.40412865531645
25.150022999999997,0.0,-7.5398223686155035,-10.890854532444616
25.175047,0.0,-5.026548245743669,-8.656833089891874
25.200004,0.0,-1.9547687622336491,-6.422811647339132
25.225051,0.0,-0.2792526803190927,-4.468042885105484
25.250090999999998,0.0,0.0,-2.234021442552742
25.275068999999995,0.0,0.0,-0.2792526803190927
25.300075,0.0,0.0,0.0
25.325043,0.0,0.0,0.0
25.35004,0.0,0.0,0.0
25.375026,0.0,0.0,0.0
25.400102999999994,0.0,0.0,0.0
25.425092,0.0,0.0,0.0
25.450069,0.0,0.0,0.0
25.475038999999995,0.0,0.0,0.0
25.499995999999996,0.0,0.0,0.0
25.525113999999995,0.5,0.0,0.0
25.550003999999994,0.5,-6.702064327658225,-6.422811647339132
25.575108,0.5,-14.800392056911914,-14.241886696273728
25.600117999999995,0.5,-18.151424220741028,-17.872171540421935
25.625009,0.5,-20.106192982974676,-19.826940302655583
25.650028,0.5,-20.664698343612862,-20.943951023931955
25.675000999999995,0.5,-21.223203704251045,-21.223203704251045
25.699990999999997,0.5,-21.50245638457014,-22.060961745208324
25.725046,0.5,-21.50245638457014,-22.060961745208324
25.75011,0.5,-21.50245638457014,-21.78170906488923
25.775115,0.5,-21.50245638457014,-22.340214425527417
25.800005999999996,0.5,-21.50245638457014,-22.060961745208324
25.825077,0.5,-21.50245638457014,-22.060961745208324
25.850058999999995,0.5,-21.50245638457014,-22.340214425527417
25.874992,0.5,-21.50245638457014,-22.060961745208324
25.900067,0.5,-21.78170906488923,-22.340214425527417
25.925017999999994,0.5,-21.50245638457014,-22.060961745208324
25.950145,0.5,-21.50245638457014,-22.340214425527417
25.975040999999997,0.5,-21.50245638457014,-22.060961745208324
26.000119999999995,0.5,-21.78170906488923,-22.340214425527417
26.025135,0.0,-21.50245638457014,-22.340214425527417
26.050017999999994,0.0,-19.826940302655583,-20.943951023931955
26.075018999999998,0.0,-16.755160819145562,-18.43067690106012
26.100054,0.0,-13.40412865531645,-15.917402778188285
26.125158999999996,0.0,-10.611601852125522,-13.683381335635543
26.150061,0.0,-7.5398223686155035,-11.170107212763709
26.174999999999997,0.0,-5.026548245743669,-8.936085770210967
26.200061999999996,0.0,-2.234021442552742,-6.702064327658225
26.225065999999998,0.0,0.0,-4.468042885105484
26.250034999999997,0.0,0.0,-2.5132741228718345
26.27503,0.0,0.0,-0.5585053606381855
26.300011999999995,0.0,0.0,0.0
26.325001999999998,0.0,0.0,0.0
26.350079,0.0,0.0,0.0
26.375051999999997,0.0,0.0,0.0
26.400050999999998,0.0,0.0,0.0
26.425045999999995,0.0,0.0,0.0
26.450055,0.0,0.0,0.0
26.475041999999995,0.0,0.0,0.0
26.500045,0.0,0.0,0.0
26.524997,0.0,0.0,0.0
26.550041999999998,0.0,0.0,0.0
26.574994999999994,0.0,0.0,0.0
26.600069999999995,0.0,0.0,0.0
26.625104,0.0,0.0,0.0
26.650053999999997,0.0,0.0,0.0
26.675056999999995,0.0,0.0,0.0
26.69999,0.0,0.0,0.0
26.725060999999997,0.0,0.0,0.0
26.750051,0.0,0.0,0.0
26.775116999999995,0.0,0.0,0.0
26.800148999999998,0.0,0.0,0.0
26.825016999999995,0.0,0.0,0.0
26.850041999999995,0.0,0.0,0.0
26.874995999999996,0.0,0.0,0.0
26.900042,0.0,0.0,0.0
26.925066,0.0,0.0,0.0
26.950018,0.0,0.0,0.0
26.975156999999996,0.0,0.0,0.0
27.000000999999997,0.0,0.0,0.0
27.025106,0.5,0.0,0.0
27.050058999999997,0.5,-6.981317007977318,-6.14355896702004
27.074999,0.5,-14.800392056911914,-13.962634015954636
27.100013999999994,0.5,-18.43067690106012,-17.872171540421935
27.125037999999996,0.5,-20.106192982974676,-19.826940302655583
27.150149,0.5,-20.664698343612862,-21.223203704251045
27.175041,0.5,-21.223203704251045,-21.223203704251045
27.200049,0.5,-21.223203704251045,-22.060961745208324
27.225055999999995,0.5,-21.50245638457014,-21.78170906488923
27.250045,0.5,-21.50245638457014,-22.060961745208324
27.274994999999997,0.5,-21.50245638457014,-22.060961745208324
27.300041,0.5,-21.50245638457014,-22.340214425527417
27.325162,0.5,-21.78170906488923,-22.340214425527417
27.350079,0.5,-21.50245638457014,-22.060961745208324
27.375110999999997,0.5,-21.50245638457014,-22.340214425527417
27.400016,0.5,-21.50245638457014,-22.060961745208324
27.424991,0.5,-21.50245638457014,-22.060961745208324
27.450038,0.5,-21.50245638457014,-22.340214425527417
27.475086999999995,0.5,-21.50245638457014,-22.340214425527417
27.500093999999997,0.5,-21.78170906488923,-22.340214425527417
27.525053999999997,0.5,-21.50245638457014,-22.060961745208324
27.550005999999996,0.5,-21.50245638457014,-22.060961745208324
27.575064999999995,0.5,-21.50245638457014,-22.340214425527417
27.600024999999995,0.5,-21.50245638457014,-22.340214425527417
27.625082999999997,0.5,-21.50245638457014,-22.060961745208324
27.650095999999998,0.5,-21.50245638457014,-22.340214425527417
27.675069,0.5,-21.78170906488923,-22.060961745208324
27.700084999999994,0.5,-21.50245638457014,-22.340214425527417
27.725001,0.5,-21.50245638457014,-22.060961745208324
27.750051,0.5,-21.50245638457014,-22.340214425527417
27.775059,0.5,-21.50245638457014,-22.060961745208324
27.878318999999998,0.5,-88.80235234147149,-91.8741318249815
27.900067999999997,0.5,-18.70992958137921,-19.268434942017397
27.925013,0.5,-21.50245638457014,-22.340214425527417
27.950030999999996,0.5,-21.50245638457014,-22.060961745208324
27.975057999999997,0.5,-21.50245638457014,-22.340214425527417
28.000096999999997,0.5,-21.50245638457014,-22.340214425527417
28.025163999999997,0.0,-21.78170906488923,-22.060961745208324
28.050055,0.0,-19.826940302655583,-20.943951023931955
28.075024999999997,0.0,-16.47590813882647,-18.43067690106012
28.100054,0.0,-13.40412865531645,-15.917402778188285
28.125042999999998,0.0,-10.332349171806431,-13.40412865531645
28.150000999999996,0.0,-7.260569688296411,-11.170107212763709
28.175101999999995,0.0,-4.747295565424577,-8.656833089891874
28.200126999999995,0.0,-1.9547687622336491,-6.422811647339132
28.225013999999994,0.0,0.0,-4.468042885105484
28.250121999999998,0.0,0.0,-2.234021442552742
28.275003999999996,0.0,0.0,-0.5585053606381855
28.300042999999995,0.0,0.0,0.0
28.325089999999996,0.0,0.0,0.0
28.350007999999995,0.0,0.0,0.0
28.375139999999995,0.0,0.0,0.0
28.400019999999998,0.0,0.0,0.0
28.425076999999995,0.0,0.0,0.0
28.450029,0.0,0.0,0.0
28.475015,0.0,0.0,0.0
28.500003,0.0,0.0,0.0
28.525163,0.0,0.0,0.0
28.550061,0.0,0.0,0.0
28.575043,0.0,0.0,0.0
28.600077999999996,0.0,0.0,0.0
28.625034,0.0,0.0,0.0
28.650031,0.0,0.0,0.0
28.675031999999995,0.0,0.0,0.0
28.700094999999997,0.0,0.0,0.0
28.724993999999995,0.0,0.0,0.0
28.750028,0.0,0.0,0.0
28.775002999999998,0.0,0.0,0.0
28.800055999999998,0.0,0.0,0.0
28.825052999999997,0.0,0.0,0.0
28.85008,0.0,0.0,0.0
28.875102,0.0,0.0,0.0
28.900005999999998,0.0,0.0,0.0
28.925098999999996,0.0,0.0,0.0
28.950043,0.0,0.0,0.0
28.975057,0.0,0.0,0.0
29.00007,0.0,0.0,0.0
29.025149999999996,0.5,0.0,0.0
29.050022999999996,0.5,-6.702064327658225,-6.422811647339132
29.075089999999996,0.5,-14.800392056911914,-13.962634015954636
29.100127999999998,0.5,-18.151424220741028,-18.151424220741028
29.125048,0.5,-19.826940302655583,-19.826940302655583
29.150048999999996,0.5,-20.664698343612862,-20.943951023931955
29.175008,0.5,-20.943951023931955,-21.50245638457014
29.200039999999994,0.5,-21.50245638457014,-21.78170906488923
29.225158999999998,0.5,-21.50245638457014,-22.060961745208324
29.250096,0.5,-21.223203704251045,-22.060961745208324
29.275079999999996,0.5,-21.50245638457014,-22.060961745208324
29.300017999999994,0.5,-21.50245638457014,-22.060961745208324
29.325053999999994,0.5,-21.50245638457014,-22.060961745208324
29.350030999999994,0.5,-21.50245638457014,-22.340214425527417
29.375037999999996,0.5,-21.78170906488923,-22.060961745208324
29.4,0.5,-21.50245638457014,-22.060961745208324
29.425033,0.5,-21.50245638457014,-22.340214425527417
29.450103,0.5,-21.78170906488923,-22.340214425527417
29.475021999999996,0.5,-21.50245638457014,-22.060961745208324
29.499994,0.5,-21.50245638457014,-22.340214425527417
29.525095999999998,0.0,-21.78170906488923,-22.340214425527417
29.550098999999996,0.0,-19.826940302655583,-20.943951023931955
29.575064999999995,0.0,-16.755160819145562,-18.43067690106012
29.600041999999995,0.0,-13.683381335635543,-15.917402778188285
29.625049999999995,0.0,-10.890854532444616,-13.683381335635543
29.650045,0.0,-7.819075048934597,-11.170107212763709
29.675041999999998,0.0,-5.026548245743669,-8.936085770210967
29.700077999999998,0.0,-2.5132741228718345,-6.422811647339132
29.725094,0.0,-0.2792526803190927,-4.468042885105484
29.750051,0.0,0.0,-2.5132741228718345
29.775112,0.0,0.0,-0.5585053606381855
29.800072,0.0,0.0,0.0
29.825030999999996,0.0,0.0,0.0
29.850037,0.0,0.0,0.0
29.875111999999994,0.0,0.0,0.0
29.900132999999997,0.0,0.0,0.0
29.925038,0.0,0.0,0.0
29.950086999999996,0.0,0.0,0.0
29.975015,0.0,0.0,0.0
30.000076,0.0,0.0,0.0
30.025163,0.5,0.0,0.0
30.050075,0.5,-6.702064327658225,-6.422811647339132
30.075013999999996,0.5,-14.800392056911914,-14.241886696273728
30.10002,0.5,-18.43067690106012,-17.872171540421935
30.124997,0.5,-20.106192982974676,-20.106192982974676
30.150002999999998,0.5,-20.664698343612862,-20.943951023931955
30.174993999999998,0.5,-21.223203704251045,-21.50245638457014
30.200066,0.5,-21.50245638457014,-22.060961745208324
30.225082,0.5,-21.50245638457014,-22.060961745208324
30.250071999999996,0.5,-21.50245638457014,-22.060961745208324
30.275039,0.5,-21.50245638457014,-22.060961745208324
30.300033999999997,0.5,-21.50245638457014,-22.060961745208324
30.325018999999998,0.5,-21.50245638457014,-22.340214425527417
30.350071999999997,0.5,-21.78170906488923,-22.060961745208324
30.375090999999998,0.5,-21.50245638457014,-22.340214425527417
30.400110999999995,0.5,-21.78170906488923,-22.340214425527417
30.42501,0.5,-21.50245638457014,-22.340214425527417
30.450114999999997,0.5,-21.78170906488923,-22.340214425527417
30.475010999999995,0.5,-21.50245638457014,-22.060961745208324
30.500029999999995,0.5,-21.50245638457014,-22.060961745208324
30.525106,0.5,-21.78170906488923,-22.340214425527417
30.550021,0.5,-21.50245638457014,-22.340214425527417
30.575125,0.5,-21.78170906488923,-22.340214425527417
30.600012999999997,0.5,-21.50245638457014,-22.340214425527417
30.625105999999995,0.5,-21.78170906488923,-22.340214425527417
30.650025,0.5,-21.50245638457014,-22.060961745208324
30.675016999999997,0.5,-21.50245638457014,-22.060961745208324
30.700063999999998,0.5,-21.78170906488923,-22.340214425527417
30.725120999999994,0.5,-21.78170906488923,-22.340214425527417
30.750141,0.5,-21.78170906488923,-22.340214425527417
30.775,0.5,-21.50245638457014,-22.340214425527417
30.800086,0.5,-21.50245638457014,-22.340214425527417
30.825057,0.5,-21.78170906488923,-22.340214425527417
30.850043999999997,0.5,-21.50245638457014,-22.060961745208324
30.875017999999997,0.5,-21.78170906488923,-22.340214425527417
30.900031999999996,0.5,-21.50245638457014,-22.340214425527417
30.925021,0.5,-21.78170906488923,-22.340214425527417
30.950043,0.5,-21.50245638457014,-22.340214425527417
30.975077999999996,0.5,-21.50245638457014,-22.060961745208324
31.00004,0.5,-21.78170906488923,-22.340214425527417
31.025098,0.5,-21.50245638457014,-22.340214425527417
31.050086999999998,0.5,-21.50245638457014,-22.340214425527417
31.075064999999995,0.5,-21.78170906488923,-22.340214425527417
31.100032,0.5,-21.50245638457014,-22.340214425527417
31.125011,0.5,-21.50245638457014,-22.340214425527417
31.150118999999997,0.5,-21.50245638457014,-22.340214425527417
31.175003999999994,0.5,-21.50245638457014,-22.060961745208324
31.200061999999996,0.5,-21.78170906488923,-22.61946710584651
31.225049,0.5,-21.50245638457014,-22.340214425527417
31.250059999999998,0.5,-21.50245638457014,-22.340214425527417
31.275056,0.5,-21.50245638457014,-22.060961745208324
31.300048999999994,0.5,-21.78170906488923,-22.340214425527417
31.325035,0.5,-21.50245638457014,-22.61946710584651
31.350049999999996,0.5,-21.50245638457014,-22.340214425527417
31.375045,0.5,-21.78170906488923,-22.340214425527417
31.400095,0.5,-21.50245638457014,-22.340214425527417
31.425112999999996,0.5,-21.78170906488923,-22.340214425527417
31.450063,0.5,-21.50245638457014,-22.340214425527417
31.475086999999995,0.5,-21.50245638457014,-22.340214425527417
31.500003999999997,0.5,-21.78170906488923,-22.340214425527417
31.525020999999995,0.5,-21.50245638457014,-22.340214425527417
31.550022999999996,0.5,-21.50245638457014,-22.340214425527417
31.575117,0.5,-21.78170906488923,-22.340214425527417
31.600136,0.5,-21.78170906488923,-22.340214425527417
31.625015999999995,0.5,-21.50245638457014,-22.060961745208324
31.650036,0.5,-21.78170906488923,-22.340214425527417
31.67501,0.5,-21.50245638457014,-22.060961745208324
31.700038999999997,0.5,-21.50245638457014,-22.340214425527417
31.725007999999995,0.5,-21.78170906488923,-22.340214425527417
31.750121,0.5,-21.50245638457014,-22.340214425527417
31.775143,0.5,-21.50245638457014,-22.060961745208324
31.800075999999997,0.5,-21.50245638457014,-22.340214425527417
31.825066,0.5,-21.50245638457014,-22.340214425527417
31.850038999999995,0.5,-21.50245638457014,-22.060961745208324
31.875046999999995,0.5,-21.50245638457014,-22.340214425527417
31.900011,0.5,-21.50245638457014,-22.340214425527417
31.925022,0.5,-21.50245638457014,-22.060961745208324
31.950145,0.5,-21.50245638457014,-22.340214425527417
31.975015,0.5,-21.50245638457014,-22.060961745208324
32.000122,0.5,-21.50245638457014,-22.340214425527417
32.025048999999996,0.0,-21.50245638457014,-22.340214425527417
32.050014,0.0,-19.54768762233649,-20.664698343612862
32.075024,0.0,-16.47590813882647,-18.43067690106012
32.100046999999996,0.0,-13.124875974997359,-15.638150097869193
32.125057,0.0,-10.332349171806431,-13.40412865531645
32.150017999999996,0.0,-7.260569688296411,-11.170107212763709
32.175007,0.0,-4.747295565424577,-8.656833089891874
32.200036,0.0,-1.6755160819145563,-6.422811647339132
32.225001,0.0,-0.2792526803190927,-4.1887902047863905
32.250065,0.0,0.0,-2.234021442552742
32.275054999999995,0.0,0.0,-0.2792526803190927
32.300019,0.0,0.0,0.0
32.325081,0.0,0.0,0.0
32.350099,0.0,0.0,0.0
32.375035,0.0,0.0,0.0
32.400008,0.0,0.0,0.0
32.425052,0.0,0.0,0.0
32.450089999999996,0.0,0.0,0.0
32.475057,0.0,0.0,0.0
32.500135,0.0,0.0,0.0
32.525205,0.5,0.0,0.0
32.550013,0.5,-6.702064327658225,-6.422811647339132
32.574998,0.5,-14.800392056911914,-14.241886696273728
32.600125999999996,0.5,-18.151424220741028,-17.872171540421935
32.625136,0.5,-20.106192982974676,-20.106192982974676
32.650043999999994,0.5,-20.38544566329377,-20.664698343612862
32.675056,0.5,-21.223203704251045,-21.78170906488923
32.700002,0.5,-21.223203704251045,-21.78170906488923
32.725006,0.5,-21.223203704251045,-21.78170906488923
32.750008,0.5,-21.50245638457014,-22.340214425527417
32.775017,0.5,-21.50245638457014,-22.060961745208324
32.800148,0.5,-21.50245638457014,-22.060961745208324
32.825050999999995,0.5,-21.50245638457014,-22.340214425527417
32.850094,0.5,-21.50245638457014,-22.060961745208324
32.875006,0.5,-21.50245638457014,-22.060961745208324
32.900062,0.5,-21.50245638457014,-22.340214425527417
32.925019999999996,0.5,-21.50245638457014,-22.060961745208324
32.950041,0.5,-21.78170906488923,-22.340214425527417
32.975069999999995,0.5,-21.50245638457014,-22.340214425527417
33.000108999999995,0.5,-21.78170906488923,-22.060961745208324
33.025194,0.0,-21.50245638457014,-22.340214425527417
33.050064,0.0,-19.826940302655583,-20.943951023931955
33.075012,0.0,-16.755160819145562,-18.43067690106012
33.100103,0.0,-13.40412865531645,-15.917402778188285
33.125136999999995,0.0,-10.611601852125522,-13.683381335635543
33.150019,0.0,-7.819075048934597,-10.890854532444616
33.175041,0.0,-4.747295565424577,-8.936085770210967
33.200013999999996,0.0,-2.5132741228718345,-6.702064327658225
33.224992,0.0,0.0,-4.747295565424577
33.250085,0.0,0.0,-2.5132741228718345
33.275107999999996,0.0,0.0,-0.5585053606381855
33.300148,0.0,0.0,0.0
33.325008999999994,0.0,0.0,0.0
33.350052,0.0,0.0,0.0
33.375052,0.0,0.0,0.0
33.399991,0.0,0.0,0.0
33.425062,0.0,0.0,0.0
33.450134,0.0,0.0,0.0
33.475153,0.0,0.0,0.0
33.500037,0.0,0.0,0.0
33.525149,0.0,0.0,0.0
33.550008999999996,0.0,0.0,0.0
33.575063,0.0,0.0,0.0
33.600049999999996,0.0,0.0,0.0
33.625049999999995,0.0,0.0,0.0
33.650012999999994,0.0,0.0,0.0
33.675035,0.0,0.0,0.0
33.700029,0.0,0.0,0.0
33.725012,0.0,0.0,0.0
33.75002,0.0,0.0,0.0
33.775028999999996,0.0,0.0,0.0
33.800062999999994,0.0,0.0,0.0
33.825008999999994,0.0,0.0,0.0
33.850001,0.0,0.0,0.0
33.875018999999995,0.0,0.0,0.0
33.900054999999995,0.0,0.0,0.0
33.925044,0.0,0.0,0.0
33.950092999999995,0.0,0.0,0.0
33.975117,0.0,0.0,0.0
34.000023,0.0,0.0,0.0
34.025113999999995,0.0,0.0,0.0
34.127976999999994,0.0,0.0,0.0
34.150057,0.0,0.0,0.0
34.175118,0.0,0.0,0.0
34.200050999999995,0.0,0.0,0.0
34.225057,0.0,0.0,0.0
34.250006,0.0,0.0,0.0
34.275009999999995,0.0,0.0,0.0
34.300086,0.0,0.0,0.0
34.325129999999994,0.0,0.0,0.0
34.350144,0.0,0.0,0.0
34.375023,0.0,0.0,0.0
34.400127,0.0,0.0,0.0
34.425031,0.0,0.0,0.0
34.45003,0.0,0.0,0.0
34.475012,0.0,0.0,0.0
34.500015999999995,0.0,0.0,0.0
34.525115,0.5,0.0,0.0
34.550011,0.5,-6.702064327658225,-6.14355896702004
34.57506,0.5,-14.521139376592823,-13.962634015954636
34.600072,0.5,-18.43067690106012,-18.151424220741028
34.625043999999995,0.5,-19.826940302655583,-19.826940302655583
34.650006999999995,0.5,-20.664698343612862,-20.943951023931955
34.675019999999996,0.5,-21.223203704251045,-21.50245638457014
34.700157,0.5,-21.50245638457014,-22.060961745208324
34.724999999999994,0.5,-21.223203704251045,-21.78170906488923
34.750102999999996,0.5,-21.50245638457014,-22.340214425527417
34.775037999999995,0.5,-21.50245638457014,-22.060961745208324
34.800053,0.5,-21.50245638457014,-22.060961745208324
34.825015,0.5,-21.50245638457014,-22.340214425527417
34.850041999999995,0.5,-21.50245638457014,-22.060961745208324
34.875015999999995,0.5,-21.50245638457014,-22.340214425527417
34.900081,0.5,-21.50245638457014,-22.340214425527417
34.925081999999996,0.5,-21.50245638457014,-22.340214425527417
34.950022999999995,0.5,-21.50245638457014,-22.060961745208324
34.975069999999995,0.5,-21.78170906488923,-22.340214425527417
35.000066,0.5,-21.50245638457014,-22.340214425527417
35.025220999999995,0.0,-21.78170906488923,-22.340214425527417
35.050036,0.0,-19.826940302655583,-20.943951023931955
35.075061999999996,0.0,-16.755160819145562,-18.43067690106012
35.100066,0.0,-13.683381335635543,-16.19665545850738
35.12504,0.0,-10.611601852125522,-13.40412865531645
35.150054999999995,0.0,-7.819075048934597,-11.170107212763709
35.175083,0.0,-5.305800926062761,-9.21533845053006
35.200109,0.0,-2.234021442552742,-6.702064327658225
35.224993999999995,0.0,-0.2792526803190927,-4.747295565424577
35.250062,0.0,0.0,-2.5132741228718345
35.275056,0.0,0.0,-0.8377580409572781
35.300028999999995,0.0,0.0,0.0
35.325021,0.0,0.0,0.0
35.350083,0.0,0.0,0.0
35.375121,0.0,0.0,0.0
35.400095,0.0,0.0,0.0
35.425107,0.0,0.0,0.0
35.450008999999994,0.0,0.0,0.0
35.475058,0.0,0.0,0.0
35.500085999999996,0.0,0.0,0.0
35.525272,0.0,0.0,0.0
35.550005999999996,0.0,0.0,0.0
35.575092,0.0,0.0,0.0
35.600037,0.0,0.0,0.0
35.625034,0.0,0.0,0.0
35.650017999999996,0.0,0.0,0.0
35.675047,0.0,0.0,0.0
35.700069,0.0,0.0,0.0
35.725044999999994,0.0,0.0,0.0
35.750046999999995,0.0,0.0,0.0
35.774991,0.0,0.0,0.0
35.800000999999995,0.0,0.0,0.0
35.825056,0.0,0.0,0.0
35.850111,0.0,0.0,0.0
35.875138,0.0,0.0,0.0
35.900051,0.0,0.0,0.0
35.92509,0.0,0.0,0.0
35.950025999999994,0.0,0.0,0.0
35.975010999999995,0.0,0.0,0.0
36.000023,0.0,0.0,0.0
36.025135999999996,0.5,0.0,0.0
36.050003,0.5,-6.702064327658225,-6.14355896702004
36.075050999999995,0.5,-14.800392056911914,-13.962634015954636
36.10008,0.5,-18.43067690106012,-18.151424220741028
36.125035999999994,0.5,-19.826940302655583,-19.826940302655583
36.149997,0.5,-20.664698343612862,-20.943951023931955
36.175048,0.5,-21.223203704251045,-21.78170906488923
36.200061,0.5,-21.50245638457014,-21.78170906488923
36.22503,0.5,-21.223203704251045,-22.060961745208324
36.250035,0.5,-21.50245638457014,-22.340214425527417
36.275034999999995,0.5,-21.50245638457014,-22.060961745208324
36.300028999999995,0.5,-21.50245638457014,-22.060961745208324
36.325047,0.5,-21.78170906488923,-22.340214425527417
36.350097,0.5,-21.50245638457014,-22.340214425527417
36.375116999999996,0.5,-21.50245638457014,-22.340214425527417
36.400025,0.5,-21.50245638457014,-22.340214425527417
36.425045,0.5,-21.50245638457014,-22.060961745208324
36.449999,0.5,-21.50245638457014,-22.340214425527417
36.475007999999995,0.5,-21.50245638457014,-22.060961745208324
36.500375,0.5,-22.060961745208324,-22.61946710584651
36.525178,0.0,-20.38544566329377,-21.223203704251045
36.550028999999995,0.0,-17.31366617978375,-18.989182261698307
36.575081,0.0,-14.241886696273728,-16.47590813882647
36.600111,0.0,-11.170107212763709,-13.962634015954636
36.625028,0.0,-8.377580409572781,-11.4493598930828
36.650062,0.0,-5.585053606381854,-9.494591130849154
36.675024,0.0,-2.792526803190927,-6.981317007977318
36.70006,0.0,-0.5585053606381855,-5.026548245743669
36.725027,0.0,0.0,-2.792526803190927
36.750037,0.0,0.0,-1.117010721276371
36.775028,0.0,0.0,0.0
36.800048,0.0,0.0,0.0
36.825044999999996,0.0,0.0,0.0
36.850116,0.0,0.0,0.0
36.875115,0.0,0.0,0.0
36.900028999999996,0.0,0.0,0.0
36.925062999999994,0.0,0.0,0.0
36.950044999999996,0.0,0.0,0.0
36.97506,0.0,0.0,0.0
37.000085,0.0,0.0,0.0
37.025165,0.0,0.0,0.0
37.050055,0.0,0.0,0.0
37.075019999999995,0.0,0.0,0.0
37.100122,0.0,0.0,0.0
37.125009999999996,0.0,0.0,0.0
37.150051,0.0,0.0,0.0
37.175041,0.0,0.0,0.0
37.200064999999995,0.0,0.0,0.0
37.225032999999996,0.0,0.0,0.0
37.250035,0.0,0.0,0.0
37.275107999999996,0.0,0.0,0.0
37.300024,0.0,0.0,0.0
37.325018,0.0,0.0,0.0
37.350041,0.0,0.0,0.0
37.375104,0.0,0.0,0.0
37.40007,0.0,0.0,0.0
37.425025999999995,0.0,0.0,0.0
37.450007,0.0,0.0,0.0
37.475061,0.0,0.0,0.0
37.500057,0.0,0.0,0.0
37.525048999999996,0.0,0.0,0.0
37.550042999999995,0.0,0.0,0.0
37.574998,0.0,0.0,0.0
37.600092,0.0,0.0,0.0
37.625032,0.0,0.0,0.0
37.650003,0.0,0.0,0.0
37.675055,0.0,0.0,0.0
37.700095,0.0,0.0,0.0
37.725128999999995,0.0,0.0,0.0
37.75002,0.0,0.0,0.0
37.775090999999996,0.0,0.0,0.0
37.800022999999996,0.0,0.0,0.0
37.824994,0.0,0.0,0.0
37.850041999999995,0.0,0.0,0.0
37.875122999999995,0.0,0.0,0.0
37.900133,0.0,0.0,0.0
37.925053999999996,0.0,0.0,0.0
37.950039999999994,0.0,0.0,0.0
37.975041,0.0,0.0,0.0
38.000062,0.0,0.0,0.0
38.025169999999996,0.5,0.0,0.0
38.050050999999996,0.5,-6.702064327658225,-6.14355896702004
38.152457999999996,0.5,-75.95672904679323,-75.11897100583595
38.174999,0.5,-18.989182261698307,-19.268434942017397
38.200039,0.5,-21.223203704251045,-22.060961745208324
38.225024,0.5,-21.50245638457014,-22.060961745208324
38.250045,0.5,-21.50245638457014,-22.060961745208324
38.275056,0.5,-21.50245638457014,-22.060961745208324
38.300053999999996,0.5,-21.50245638457014,-22.060961745208324
38.32507,0.5,-21.78170906488923,-22.060961745208324
38.350004999999996,0.5,-21.50245638457014,-22.340214425527417
38.375045,0.5,-21.50245638457014,-22.340214425527417
38.399992999999995,0.5,-21.50245638457014,-22.060961745208324
38.425073999999995,0.5,-21.50245638457014,-22.340214425527417
38.450106,0.5,-21.50245638457014,-22.060961745208324
38.475083999999995,0.5,-21.78170906488923,-22.340214425527417
38.500129,0.5,-21.50245638457014,-22.060961745208324
38.525228999999996,0.5,-21.50245638457014,-22.340214425527417
38.550027,0.5,-21.223203704251045,-22.060961745208324
38.575053,0.5,-21.50245638457014,-22.060961745208324
38.600124,0.5,-21.78170906488923,-22.060961745208324
38.625147,0.5,-21.50245638457014,-22.340214425527417
38.650065,0.5,-21.50245638457014,-21.78170906488923
38.675121,0.5,-21.50245638457014,-22.340214425527417
38.700061999999996,0.5,-21.50245638457014,-22.060961745208324
38.725051,0.5,-21.50245638457014,-22.060961745208324
38.750040999999996,0.5,-21.50245638457014,-22.060961745208324
38.775062,0.5,-21.50245638457014,-22.060961745208324
38.800048999999994,0.5,-21.50245638457014,-22.340214425527417
38.82505,0.5,-21.50245638457014,-22.060961745208324
38.850024,0.5,-21.50245638457014,-22.060961745208324
38.875035999999994,0.5,-21.50245638457014,-22.060961745208324
38.900012,0.5,-21.50245638457014,-22.060961745208324
38.925055,0.5,-21.50245638457014,-22.340214425527417
38.950081999999995,0.5,-21.50245638457014,-22.060961745208324
38.974998,0.5,-21.50245638457014,-22.060961745208324
39.00008,0.5,-21.50245638457014,-22.340214425527417
39.025054999999995,0.5,-21.50245638457014,-22.060961745208324
39.050013,0.5,-21.223203704251045,-22.060961745208324
39.075057,0.5,-21.78170906488923,-22.340214425527417
39.100100999999995,0.5,-21.223203704251045,-22.340214425527417
39.125107,0.5,-21.50245638457014,-22.060961745208324
39.150011,0.5,-21.50245638457014,-22.060961745208324
39.17505,0.5,-21.50245638457014,-22.340214425527417
39.199991,0.5,-21.50245638457014,-22.060961745208324
39.224996,0.5,-21.50245638457014,-22.060961745208324
39.250049,0.5,-21.50245638457014,-22.340214425527417
39.275011,0.5,-21.50245638457014,-22.340214425527417
39.300126999999996,0.5,-21.50245638457014,-22.340214425527417
39.325018,0.5,-21.50245638457014,-22.060961745208324
39.350125,0.5,-21.78170906488923,-22.060961745208324
39.375054,0.5,-21.50245638457014,-22.340214425527417
39.400017999999996,0.5,-21.50245638457014,-22.060961745208324
39.425076,0.5,-21.50245638457014,-22.340214425527417
39.450102,0.5,-21.50245638457014,-22.340214425527417
39.475007,0.5,-21.50245638457014,-22.060961745208324
39.500065,0.5,-21.78170906488923,-22.340214425527417
39.525200999999996,0.0,-21.50245638457014,-22.340214425527417
39.550055,0.0,-19.826940302655583,-20.664698343612862
39.575064,0.0,-16.47590813882647,-18.43067690106012
39.600021,0.0,-13.40412865531645,-15.917402778188285
39.625057,0.0,-10.332349171806431,-13.683381335635543
39.650009,0.0,-7.5398223686155035,-10.890854532444616
39.675073,0.0,-4.747295565424577,-8.656833089891874
39.700083,0.0,-2.234021442552742,-6.702064327658225
39.725018,0.0,0.0,-4.468042885105484
39.750018999999995,0.0,0.0,-2.234021442552742
39.775062999999996,0.0,0.0,-0.5585053606381855
39.800089,0.0,0.0,0.0
39.825025999999994,0.0,0.0,0.0
39.850007999999995,0.0,0.0,0.0
39.875046999999995,0.0,0.0,0.0
39.900054,0.0,0.0,0.0
39.925031999999995,0.0,0.0,0.0
39.950044,0.0,0.0,0.0
39.975097,0.0,0.0,0.0
40.000119999999995,0.0,0.0,0.0
40.025147,0.5,0.0,0.0
40.050041,0.5,-6.981317007977318,-6.14355896702004
40.075027,0.5,-14.800392056911914,-13.962634015954636
40.100055999999995,0.5,-18.151424220741028,-17.872171540421935
40.125015999999995,0.5,-19.826940302655583,-19.54768762233649
40.150146,0.5,-20.943951023931955,-21.223203704251045
40.175036999999996,0.5,-20.943951023931955,-21.223203704251045
40.200092999999995,0.5,-21.223203704251045,-21.78170906488923
40.225057,0.5,-21.50245638457014,-21.78170906488923
40.250018,0.5,-21.50245638457014,-22.060961745208324
40.275017999999996,0.5,-21.223203704251045,-22.060961745208324
40.300021,0.5,-21.50245638457014,-22.340214425527417
40.325143,0.5,-21.78170906488923,-22.060961745208324
40.349990999999996,0.5,-21.223203704251045,-22.060961745208324
40.375101,0.5,-21.78170906488923,-22.340214425527417
40.400012999999994,0.5,-21.50245638457014,-22.060961745208324
40.425038,0.5,-21.50245638457014,-22.340214425527417
40.450058999999996,0.5,-21.50245638457014,-22.060961745208324
40.475024,0.5,-21.78170906488923,-22.060961745208324
40.500007,0.5,-21.50245638457014,-22.060961745208324
40.525006,0.5,-21.50245638457014,-22.340214425527417
40.550073999999995,0.5,-21.78170906488923,-22.340214425527417
40.575067999999995,0.5,-21.50245638457014,-22.060961745208324
40.600035,0.5,-21.78170906488923,-22.340214425527417
40.625039,0.5,-21.50245638457014,-22.060961745208324
40.650037,0.5,-21.78170906488923,-22.340214425527417
40.674996,0.5,-21.50245638457014,-22.060961745208324
40.700007,0.5,-21.50245638457014,-22.340214425527417
40.725018999999996,0.5,-21.78170906488923,-22.060961745208324
40.75002,0.5,-21.50245638457014,-22.340214425527417
40.775,0.5,-21.78170906488923,-22.060961745208324
40.800028999999995,0.5,-21.50245638457014,-22.340214425527417
40.825041999999996,0.5,-21.50245638457014,-22.340214425527417
40.850054,0.5,-21.50245638457014,-22.340214425527417
40.875045,0.5,-21.50245638457014,-22.060961745208324
40.900003999999996,0.5,-21.50245638457014,-22.340214425527417
40.925008,0.5,-21.78170906488923,-22.340214425527417
40.950030999999996,0.5,-21.50245638457014,-22.340214425527417
40.975072999999995,0.5,-21.50245638457014,-22.340214425527417
41.000164,0.5,-21.78170906488923,-22.340214425527417
41.025177,0.0,-21.50245638457014,-22.340214425527417
41.050050999999996,0.0,-19.826940302655583,-20.664698343612862
41.074996999999996,0.0,-16.755160819145562,-18.43067690106012
41.100063999999996,0.0,-13.683381335635543,-16.19665545850738
41.125034,0.0,-10.611601852125522,-13.40412865531645
41.150088999999994,0.0,-7.819075048934597,-11.170107212763709
41.175093999999994,0.0,-5.305800926062761,-8.936085770210967
41.200084,0.0,-2.5132741228718345,-6.702064327658225
41.225093,0.0,-0.2792526803190927,-4.468042885105484
41.25,0.0,0.0,-2.792526803190927
41.274994,0.0,0.0,-0.5585053606381855
41.300027,0.0,0.0,0.0
41.325072,0.0,0.0,0.0
41.350103999999995,0.0,0.0,0.0
41.375029999999995,0.0,0.0,0.0
41.400064,0.0,0.0,0.0
41.425017999999994,0.0,0.0,0.0
41.449998,0.0,0.0,0.0
41.47508,0.0,0.0,0.0
41.500097999999994,0.0,0.0,0.0
41.525214,0.5,0.0,0.0
41.550064,0.5,-6.702064327658225,-6.14355896702004
41.575047999999995,0.5,-14.800392056911914,-13.962634015954636
41.599998,0.5,-18.151424220741028,-17.59291886010284
41.625015999999995,0.5,-20.106192982974676,-19.826940302655583
41.650059,0.5,-20.943951023931955,-21.223203704251045
41.675025999999995,0.5,-21.223203704251045,-21.50245638457014
41.700165,0.5,-21.50245638457014,-21.78170906488923
41.725061,0.5,-21.223203704251045,-22.060961745208324
41.750057,0.5,-21.50245638457014,-22.060961745208324
41.775045,0.5,-21.50245638457014,-22.060961745208324
41.800048,0.5,-21.78170906488923,-22.340214425527417
41.825005,0.5,-21.50245638457014,-22.340214425527417
41.850032,0.5,-21.50245638457014,-22.060961745208324
41.875156,0.5,-21.78170906488923,-22.61946710584651
41.899992999999995,0.5,-21.223203704251045,-21.78170906488923
41.925036999999996,0.5,-21.78170906488923,-22.340214425527417
41.950047,0.5,-21.50245638457014,-22.340214425527417
41.975024,0.5,-21.50245638457014,-22.340214425527417
42.000097,0.5,-21.78170906488923,-22.340214425527417
42.025090999999996,0.5,-21.50245638457014,-22.340214425527417
42.050042,0.5,-21.50245638457014,-22.060961745208324
42.075035,0.5,-21.78170906488923,-22.340214425527417
42.099998,0.5,-21.50245638457014,-22.340214425527417
42.125012,0.5,-21.50245638457014,-22.340214425527417
42.150017,0.5,-21.50245638457014,-22.340214425527417
42.175042999999995,0.5,-21.50245638457014,-22.340214425527417
42.200047999999995,0.5,-21.78170906488923,-22.060961745208324
42.225004,0.5,-21.50245638457014,-22.340214425527417
42.250057999999996,0.5,-21.50245638457014,-22.340214425527417
42.274999,0.5,-21.50245638457014,-22.340214425527417
42.300003,0.5,-21.50245638457014,-22.340214425527417
42.325005999999995,0.5,-21.78170906488923,-22.340214425527417
42.350075,0.5,-21.50245638457014,-22.340214425527417
42.375068999999996,0.5,-21.78170906488923,-22.340214425527417
42.400016,0.5,-21.50245638457014,-22.340214425527417
42.425025999999995,0.5,-21.50245638457014,-22.340214425527417
42.450027999999996,0.5,-21.78170906488923,-22.340214425527417
42.475034,0.5,-21.50245638457014,-22.340214425527417
42.500018,0.5,-21.78170906488923,-22.340214425527417
42.525127999999995,0.5,-21.50245638457014,-22.340214425527417
42.550138,0.5,-21.78170906488923,-22.340214425527417
42.575027,0.5,-21.50245638457014,-22.060961745208324
42.600071,0.5,-21.78170906488923,-22.340214425527417
42.625046999999995,0.5,-21.50245638457014,-22.340214425527417
42.650062,0.5,-21.78170906488923,-22.340214425527417
42.675045,0.5,-21.50245638457014,-22.340214425527417
42.700112,0.5,-21.78170906488923,-22.340214425527417
42.725134,0.5,-21.78170906488923,-22.340214425527417
42.750006,0.5,-21.50245638457014,-22.340214425527417
42.775101,0.5,-21.78170906488923,-22.340214425527417
42.800013,0.5,-21.50245638457014,-22.340214425527417
42.825005,0.5,-21.50245638457014,-22.340214425527417
42.850066,0.5,-21.78170906488923,-22.340214425527417
42.875125,0.5,-21.78170906488923,-22.61946710584651
42.900107,0.5,-21.50245638457014,-22.340214425527417
42.925059,0.5,-21.78170906488923,-22.340214425527417
42.950108,0.5,-21.50245638457014,-22.340214425527417
42.975041,0.5,-21.78170906488923,-22.340214425527417
43.000011,0.5,-21.50245638457014,-22.340214425527417
43.025006999999995,0.0,-21.78170906488923,-22.340214425527417
43.050066,0.0,-19.826940302655583,-21.223203704251045
43.075029,0.0,-16.755160819145562,-18.70992958137921
43.100024999999995,0.0,-13.683381335635543,-15.917402778188285
43.125118,0.0,-10.611601852125522,-13.962634015954636
43.150061,0.0,-7.819075048934597,-11.170107212763709
43.175002,0.0,-5.305800926062761,-8.936085770210967
43.200086999999996,0.0,-2.5132741228718345,-6.981317007977318
43.225097999999996,0.0,-0.2792526803190927,-4.747295565424577
43.250059,0.0,0.0,-2.792526803190927
43.275116,0.0,0.0,-0.5585053606381855
43.300005,0.0,0.0,0.0
43.325072,0.0,0.0,0.0
43.349999999999994,0.0,0.0,0.0
43.375136999999995,0.0,0.0,0.0
43.400164999999994,0.0,0.0,0.0
43.424999,0.0,0.0,0.0
43.450044999999996,0.0,0.0,0.0
43.475048,0.0,0.0,0.0
43.500009999999996,0.0,0.0,0.0
43.525225,0.0,0.0,0.0
43.55007,0.0,0.0,0.0
43.57501,0.0,0.0,0.0
43.600030999999994,0.0,0.0,0.0
43.625096,0.0,0.0,0.0
43.650039,0.0,0.0,0.0
43.675002,0.0,0.0,0.0
43.700041,0.0,0.0,0.0
43.725097,0.0,0.0,0.0
43.750049999999995,0.0,0.0,0.0
43.775051999999995,0.0,0.0,0.0
43.800019999999996,0.0,0.0,0.0
43.825053999999994,0.0,0.0,0.0
43.850027999999995,0.0,0.0,0.0
43.875060999999995,0.0,0.0,0.0
43.900085,0.0,0.0,0.0
43.925011,0.0,0.0,0.0
43.950056,0.0,0.0,0.0
43.975055,0.0,0.0,0.0
44.000052,0.0,0.0,0.0
44.025064,0.0,0.0,0.0
44.050131,0.0,0.0,0.0
44.075115999999994,0.0,0.0,0.0
44.100007,0.0,0.0,0.0
44.125107,0.0,0.0,0.0
44.150000999999996,0.0,0.0,0.0
44.174999,0.0,0.0,0.0
44.200043,0.0,0.0,0.0
44.225119,0.0,0.0,0.0
44.250132,0.0,0.0,0.0
44.275040999999995,0.0,0.0,0.0
44.300087,0.0,0.0,0.0
44.325027,0.0,0.0,0.0
44.349989,0.0,0.0,0.0
44.375062,0.0,0.0,0.0
44.400009,0.0,0.0,0.0
44.425148,0.0,0.0,0.0
44.450078,0.0,0.0,0.0
44.475058999999995,0.0,0.0,0.0
44.500007,0.0,0.0,0.0
44.525219,0.0,0.0,0.0
44.550039999999996,0.0,0.0,0.0
44.57505,0.0,0.0,0.0
44.600159999999995,0.0,0.0,0.0
44.625085999999996,0.0,0.0,0.0
44.650096999999995,0.0,0.0,0.0
44.675053,0.0,0.0,0.0
44.699996999999996,0.0,0.0,0.0
44.725024999999995,0.0,0.0,0.0
44.750043999999995,0.0,0.0,0.0
44.77516,0.0,0.0,0.0
44.800050999999996,0.0,0.0,0.0
44.824998,0.0,0.0,0.0
44.850041999999995,0.0,0.0,0.0
44.875040999999996,0.0,0.0,0.0
44.900028,0.0,0.0,0.0
44.925017999999994,0.0,0.0,0.0
44.950151,0.0,0.0,0.0
44.975027,0.0,0.0,0.0
45.000068999999996,0.0,0.0,0.0
45.025,0.5,0.0,0.0
45.05,0.5,-6.981317007977318,-6.422811647339132
45.075038,0.5,-14.800392056911914,-14.241886696273728
45.100038999999995,0.5,-18.151424220741028,-17.872171540421935
45.125001,0.5,-19.826940302655583,-20.106192982974676
45.150067,0.5,-20.664698343612862,-20.943951023931955
45.175101,0.5,-21.223203704251045,-21.50245638457014
45.200061999999996,0.5,-21.223203704251045,-21.78170906488923
45.224998,0.5,-21.50245638457014,-22.060961745208324
45.250037,0.5,-21.50245638457014,-22.060961745208324
45.275068999999995,0.5,-21.50245638457014,-22.340214425527417
45.300062,0.5,-21.50245638457014,-22.060961745208324
45.325097,0.5,-21.50245638457014,-22.340214425527417
45.350029,0.5,-21.78170906488923,-22.060961745208324
45.375056,0.5,-21.50245638457014,-22.340214425527417
45.400039,0.5,-21.78170906488923,-22.340214425527417
45.425078,0.5,-21.50245638457014,-22.340214425527417
45.450092999999995,0.5,-21.78170906488923,-22.060961745208324
45.474995,0.5,-21.50245638457014,-22.060961745208324
45.500107,0.5,-21.78170906488923,-22.61946710584651
45.525075,0.0,-21.78170906488923,-22.060961745208324
45.550007,0.0,-19.826940302655583,-20.943951023931955
45.575056,0.0,-16.755160819145562,-18.43067690106012
45.600072,0.0,-13.962634015954636,-16.19665545850738
45.625121,0.0,-10.890854532444616,-13.683381335635543
45.650071,0.0,-7.819075048934597,-11.170107212763709
45.67512,0.0,-5.305800926062761,-8.936085770210967
45.700041,0.0,-2.792526803190927,-6.981317007977318
45.725023,0.0,-0.2792526803190927,-4.747295565424577
45.750068,0.0,0.0,-2.792526803190927
45.853350999999996,0.0,0.0,-0.8377580409572781
45.875102999999996,0.0,0.0,0.0
