t,u,wl,wr
0.0,0.0,0.0,0.0
0.024938999999999822,0.0,0.0,0.0
0.04989300000000085,0.0,0.0,0.0
0.07487400000000122,0.0,0.0,0.0
0.09989099999999951,0.0,0.0,0.0
0.12503799999999998,0.0,0.0,0.0
0.1499680000000012,0.0,0.0,0.0
0.17485399999999984,0.5,0.0,0.0
0.19997299999999996,0.5,-7.260569688296411,-6.702064327658225
0.2251480000000008,0.5,-15.3588974175501,-14.521139376592823
0.2498900000000006,0.5,-18.43067690106012,-17.872171540421935
0.27492300000000114,0.0,-18.43067690106012,-18.151424220741028
0.2999459999999985,0.0,-15.3588974175501,-15.638150097869193
0.32505899999999954,0.0,-12.007865253720986,-13.124875974997359
0.34994899999999873,0.5,-13.124875974997359,-13.683381335635543
0.37487000000000137,0.0,-17.59291886010284,-17.59291886010284
0.39990200000000087,0.0,-17.034413499464655,-17.59291886010284
0.4249180000000017,0.5,-15.638150097869193,-15.917402778188285
0.44998800000000116,0.5,-18.43067690106012,-18.989182261698307
0.47493100000000155,0.0,-18.70992958137921,-18.989182261698307
0.49990299999999976,0.0,-15.638150097869193,-16.19665545850738
0.5248659999999994,0.0,-12.28711793404008,-13.683381335635543
0.5498849999999997,0.0,-9.21533845053006,-11.170107212763709
0.5749260000000014,0.5,-6.422811647339132,-8.936085770210967
0.5999119999999998,0.5,-10.611601852125522,-11.728612573401895
0.6248989999999992,0.5,-16.755160819145562,-16.755160819145562
0.6499029999999983,0.5,-19.268434942017397,-19.268434942017397
0.6749399999999994,0.5,-20.38544566329377,-20.664698343612862
0.6998910000000009,0.5,-20.943951023931955,-21.223203704251045
0.724886999999999,0.5,-21.223203704251045,-21.50245638457014
0.7498509999999996,0.5,-21.223203704251045,-21.78170906488923
0.7751139999999985,0.0,-21.50245638457014,-22.060961745208324
0.7999970000000012,0.0,-19.54768762233649,-20.106192982974676
0.8248689999999996,0.5,-15.917402778188285,-17.59291886010284
0.849933,0.5,-17.034413499464655,-17.872171540421935
0.8748840000000015,0.0,-17.872171540421935,-18.43067690106012
0.89987,0.0,-14.521139376592823,-15.638150097869193
0.9250380000000007,0.5,-11.4493598930828,-13.124875974997359
0.9499649999999988,0.5,-13.40412865531645,-14.521139376592823
0.9750629999999987,0.5,-18.151424220741028,-18.151424220741028
0.9998550000000002,0.0,-18.151424220741028,-18.70992958137921
1.0248649999999984,0.5,-15.079644737231007,-15.917402778188285
1.049861,0.5,-16.19665545850738,-16.755160819145562
1.074857999999999,0.5,-18.989182261698307,-19.268434942017397
1.0998759999999983,0.5,-20.38544566329377,-20.664698343612862
1.1249390000000012,0.5,-20.943951023931955,-21.223203704251045
1.1498920000000012,0.5,-21.223203704251045,-21.78170906488923
1.1748650000000005,0.5,-21.50245638457014,-21.78170906488923
1.1998549999999994,0.5,-21.223203704251045,-21.78170906488923
1.2249499999999998,0.0,-21.50245638457014,-22.060961745208324
1.2499019999999987,0.0,-19.54768762233649,-20.664698343612862
1.2748969999999993,0.5,-18.151424220741028,-18.989182261698307
1.2999240000000007,0.5,-19.826940302655583,-20.38544566329377
1.3248999999999995,0.5,-20.664698343612862,-20.943951023931955
1.3498449999999984,0.5,-21.223203704251045,-21.50245638457014
1.3749099999999999,0.0,-21.50245638457014,-21.78170906488923
1.3998740000000005,0.0,-19.54768762233649,-20.664698343612862
1.4249009999999984,0.0,-16.47590813882647,-17.59291886010284
1.4499120000000012,0.0,-13.124875974997359,-15.079644737231007
1.4748669999999997,0.0,-10.332349171806431,-12.566370614359172
1.4999450000000003,0.0,-7.260569688296411,-10.332349171806431
1.5251249999999992,0.5,-4.468042885105484,-7.819075048934597
1.5499009999999984,0.5,-9.21533845053006,-10.890854532444616
1.5748840000000008,0.5,-16.19665545850738,-16.19665545850738
1.5999000000000017,0.5,-19.268434942017397,-19.268434942017397
1.6248970000000007,0.5,-20.38544566329377,-20.664698343612862
1.6499890000000015,0.5,-21.223203704251045,-21.223203704251045
1.6749180000000017,0.5,-21.223203704251045,-21.50245638457014
1.6999160000000018,0.5,-21.223203704251045,-21.78170906488923
1.7249669999999995,0.0,-21.50245638457014,-22.060961745208324
1.7499450000000003,0.0,-19.826940302655583,-20.664698343612862
1.7748950000000008,0.0,-16.47590813882647,-17.872171540421935
1.7999550000000006,0.0,-13.124875974997359,-15.3588974175501
1.824898000000001,0.5,-10.053096491487338,-12.566370614359172
1.8499230000000004,0.5,-12.845623294678264,-14.521139376592823
1.8749049999999983,0.0,-15.638150097869193,-16.47590813882647
1.8999290000000002,0.0,-12.845623294678264,-13.683381335635543
1.9248860000000008,0.5,-12.845623294678264,-13.962634015954636
1.949929000000001,0.5,-17.872171540421935,-18.151424220741028
1.9748969999999986,0.5,-19.826940302655583,-19.826940302655583
1.9998450000000005,0.5,-20.664698343612862,-20.664698343612862
2.0248489999999997,0.0,-19.826940302655583,-20.38544566329377
2.049875,0.0,-16.755160819145562,-17.59291886010284
2.074987,0.5,-16.19665545850738,-17.034413499464655
2.099862999999999,0.5,-18.989182261698307,-19.54768762233649
2.124908999999999,0.0,-20.38544566329377,-20.664698343612862
2.1498680000000014,0.0,-19.268434942017397,-19.826940302655583
2.1748949999999994,0.5,-15.638150097869193,-17.034413499464655
2.1999260000000014,0.5,-16.755160819145562,-17.59291886010284
2.2248909999999995,0.5,-19.268434942017397,-19.54768762233649
2.2498690000000003,0.0,-19.268434942017397,-19.826940302655583
2.2749190000000006,0.0,-16.19665545850738,-17.034413499464655
2.299893000000001,0.0,-13.124875974997359,-14.521139376592823
2.3248700000000007,0.5,-10.053096491487338,-12.007865253720986
2.349913000000001,0.5,-12.845623294678264,-14.241886696273728
2.3750730000000004,0.0,-17.872171540421935,-18.151424220741028
2.4000109999999992,0.0,-17.59291886010284,-17.59291886010284
2.4248699999999985,0.5,-14.241886696273728,-15.3588974175501
2.4499679999999984,0.5,-15.917402778188285,-16.19665545850738
2.4748909999999995,0.5,-18.989182261698307,-18.989182261698307
2.499918000000001,0.5,-20.38544566329377,-20.664698343612862
2.5249559999999995,0.0,-20.943951023931955,-21.223203704251045
2.5499159999999996,0.0,-19.268434942017397,-19.826940302655583
2.5750160000000015,0.0,-16.19665545850738,-17.59291886010284
2.5998680000000007,0.5,-15.917402778188285,-16.755160819145562
2.624938,0.0,-18.989182261698307,-19.54768762233649
2.649877,0.0,-18.151424220741028,-18.70992958137921
2.6748869999999982,0.0,-15.079644737231007,-16.19665545850738
2.699960000000001,0.0,-11.728612573401895,-13.683381335635543
2.724945999999999,0.0,-8.936085770210967,-11.170107212763709
2.7499129999999994,0.5,-10.611601852125522,-12.28711793404008
2.774946,0.5,-17.034413499464655,-17.034413499464655
2.799890999999999,0.5,-19.54768762233649,-19.54768762233649
2.8248560000000005,0.0,-20.664698343612862,-20.664698343612862
2.8498550000000016,0.0,-19.268434942017397,-19.826940302655583
2.875015000000001,0.5,-16.19665545850738,-17.31366617978375
2.9000309999999985,0.5,-16.755160819145562,-17.31366617978375
2.9249319999999983,0.5,-19.268434942017397,-19.826940302655583
2.9499369999999985,0.5,-20.664698343612862,-20.943951023931955
2.9748729999999988,0.5,-20.943951023931955,-21.223203704251045
2.9998889999999996,0.5,-21.50245638457014,-21.78170906488923
3.0248600000000003,0.5,-21.223203704251045,-21.78170906488923
3.0500170000000004,0.5,-21.78170906488923,-22.060961745208324
3.074974000000001,0.0,-20.38544566329377,-21.223203704251045
3.099920000000001,0.0,-17.31366617978375,-18.43067690106012
3.1248679999999993,0.5,-16.19665545850738,-17.59291886010284
3.1498789999999985,0.5,-19.268434942017397,-19.54768762233649
3.1749159999999996,0.5,-20.664698343612862,-20.943951023931955
3.199964999999999,0.5,-20.943951023931955,-21.50245638457014
3.2250359999999993,0.5,-21.50245638457014,-21.78170906488923
3.249922999999999,0.5,-21.50245638457014,-21.78170906488923
3.274861999999999,0.0,-20.106192982974676,-20.943951023931955
3.299873999999999,0.0,-17.034413499464655,-18.151424220741028
3.3249439999999986,0.5,-13.962634015954636,-15.917402778188285
3.349888,0.5,-15.079644737231007,-16.47590813882647
3.3749520000000004,0.5,-18.989182261698307,-19.268434942017397
3.3999319999999997,0.0,-18.70992958137921,-19.268434942017397
3.4249259999999992,0.5,-17.31366617978375,-17.872171540421935
3.4498880000000014,0.5,-19.54768762233649,-19.826940302655583
3.4748839999999994,0.0,-20.664698343612862,-20.943951023931955
3.499911000000001,0.0,-19.268434942017397,-19.826940302655583
3.5249120000000005,0.0,-16.19665545850738,-17.034413499464655
3.5499100000000006,0.0,-12.845623294678264,-14.800392056911914
3.5749379999999995,0.5,-9.773843811168245,-12.007865253720986
3.5998470000000005,0.5,-12.845623294678264,-13.962634015954636
3.624872,0.0,-15.638150097869193,-16.19665545850738
3.6498729999999995,0.0,-12.566370614359172,-13.683381335635543
3.675049999999999,0.0,-9.494591130849154,-11.170107212763709
3.699922000000001,0.0,-6.422811647339132,-8.936085770210967
3.724934000000001,0.5,-3.9095375244672983,-6.422811647339132
3.7499390000000012,0.5,-9.21533845053006,-10.611601852125522
3.774882999999999,0.5,-16.47590813882647,-16.19665545850738
3.7998779999999996,0.5,-18.989182261698307,-19.268434942017397
3.8249819999999985,0.5,-20.664698343612862,-20.664698343612862
3.8499620000000014,0.5,-21.223203704251045,-21.223203704251045
3.8750190000000018,0.5,-21.50245638457014,-21.78170906488923
3.8999430000000004,0.5,-21.223203704251045,-21.78170906488923
3.924848000000001,0.5,-21.50245638457014,-21.78170906488923
3.9498950000000015,0.5,-21.50245638457014,-22.060961745208324
3.9748899999999985,0.0,-20.38544566329377,-20.943951023931955
3.999931,0.0,-17.034413499464655,-18.70992958137921
4.024909000000001,0.0,-13.962634015954636,-15.638150097869193
4.049938000000001,0.0,-10.890854532444616,-13.40412865531645
4.074957999999999,0.5,-11.170107212763709,-13.40412865531645
4.099868000000001,0.5,-17.034413499464655,-17.59291886010284
4.124889,0.0,-19.826940302655583,-19.826940302655583
4.149930000000001,0.0,-18.43067690106012,-18.989182261698307
4.174880999999999,0.0,-15.079644737231007,-16.755160819145562
4.199847999999999,0.0,-12.28711793404008,-13.962634015954636
4.224913000000001,0.0,-9.21533845053006,-11.4493598930828
4.249849999999999,0.0,-6.14355896702004,-9.21533845053006
4.274857000000001,0.5,-3.6302848441482056,-6.702064327658225
4.299854,0.5,-8.656833089891874,-10.053096491487338
4.324864000000002,0.0,-13.683381335635543,-13.962634015954636
4.349886999999999,0.0,-10.890854532444616,-11.728612573401895
4.374884999999999,0.5,-8.09832772925369,-9.21533845053006
4.399847000000001,0.5,-11.728612573401895,-12.28711793404008
4.4248709999999996,0.5,-17.31366617978375,-17.034413499464655
4.4498989999999985,0.5,-19.54768762233649,-19.54768762233649
4.474882000000001,0.5,-20.664698343612862,-20.664698343612862
4.499891999999999,0.5,-20.943951023931955,-21.223203704251045
4.524996000000002,0.0,-20.106192982974676,-20.664698343612862
4.5499480000000005,0.0,-17.034413499464655,-18.151424220741028
4.574925,0.0,-13.40412865531645,-15.3588974175501
4.599876999999999,0.0,-10.890854532444616,-12.845623294678264
4.625022000000001,0.0,-7.5398223686155035,-10.611601852125522
4.649965999999999,0.0,-5.026548245743669,-8.377580409572781
4.674886000000001,0.5,-2.234021442552742,-5.8643062867009474
4.699876,0.5,-8.09832772925369,-9.773843811168245
4.72486,0.0,-15.638150097869193,-15.638150097869193
4.749869,0.0,-16.19665545850738,-16.19665545850738
4.774889000000002,0.0,-12.845623294678264,-13.962634015954636
4.799896,0.0,-9.773843811168245,-11.170107212763709
4.824891000000001,0.0,-6.981317007977318,-8.936085770210967
4.849938000000002,0.0,-4.1887902047863905,-6.702064327658225
4.874848,0.0,-1.6755160819145563,-4.468042885105484
4.8998740000000005,0.0,0.0,-2.5132741228718345
4.924925999999999,0.0,0.0,-0.2792526803190927
4.949957000000001,0.0,0.0,0.0
4.974914999999999,0.0,0.0,0.0
4.999849000000001,0.0,0.0,0.0
5.024991,0.5,0.0,0.0
5.049916,0.5,-7.260569688296411,-6.702064327658225
5.074912000000001,0.0,-12.566370614359172,-11.728612573401895
5.099903000000001,0.0,-9.773843811168245,-9.494591130849154
5.124908000000001,0.5,-10.611601852125522,-10.611601852125522
5.149934000000002,0.5,-16.47590813882647,-15.917402778188285
5.174886999999998,0.5,-19.268434942017397,-18.989182261698307
5.1998619999999995,0.5,-20.38544566329377,-20.38544566329377
5.224907999999999,0.5,-20.943951023931955,-21.223203704251045
5.249918000000001,0.5,-21.223203704251045,-21.223203704251045
5.274905,0.5,-21.50245638457014,-21.78170906488923
5.299910000000001,0.5,-21.50245638457014,-21.78170906488923
5.324909000000002,0.0,-21.223203704251045,-22.060961745208324
5.349851000000001,0.0,-19.54768762233649,-20.38544566329377
5.374918000000001,0.0,-16.47590813882647,-17.872171540421935
5.399865999999999,0.0,-13.124875974997359,-15.3588974175501
5.425065,0.5,-10.053096491487338,-12.845623294678264
5.450021,0.5,-12.845623294678264,-14.241886696273728
5.474916,0.5,-17.59291886010284,-17.872171540421935
5.499986,0.5,-20.106192982974676,-20.106192982974676
5.52486,0.0,-20.664698343612862,-20.664698343612862
5.549900000000001,0.0,-19.268434942017397,-19.826940302655583
5.574852,0.5,-17.872171540421935,-18.43067690106012
5.599948000000001,0.5,-19.826940302655583,-20.38544566329377
5.624905999999999,0.5,-20.664698343612862,-20.943951023931955
5.649933000000001,0.5,-21.223203704251045,-21.50245638457014
5.674861,0.0,-21.50245638457014,-21.78170906488923
5.699850999999999,0.0,-19.54768762233649,-20.38544566329377
5.724857,0.5,-18.151424220741028,-18.989182261698307
5.749898000000002,0.5,-19.826940302655583,-20.106192982974676
5.774975000000001,0.5,-20.943951023931955,-21.223203704251045
5.799896,0.5,-20.943951023931955,-21.50245638457014
5.824888999999999,0.5,-21.50245638457014,-21.78170906488923
5.849912,0.5,-21.50245638457014,-21.78170906488923
5.874938,0.5,-21.50245638457014,-22.060961745208324
5.899975000000001,0.5,-21.50245638457014,-22.060961745208324
5.924961,0.0,-20.38544566329377,-21.223203704251045
5.9498549999999994,0.0,-17.034413499464655,-18.70992958137921
5.974896000000001,0.5,-16.47590813882647,-17.59291886010284
5.999912999999999,0.5,-19.268434942017397,-19.826940302655583
6.024909000000001,0.5,-20.38544566329377,-20.943951023931955
6.049911999999999,0.5,-21.223203704251045,-21.223203704251045
6.074908000000001,0.5,-21.223203704251045,-21.78170906488923
6.099851000000001,0.0,-20.106192982974676,-20.943951023931955
6.124914,0.5,-19.268434942017397,-19.826940302655583
6.149871000000001,0.5,-20.38544566329377,-20.664698343612862
6.174896,0.0,-20.943951023931955,-21.50245638457014
6.199852,0.0,-19.54768762233649,-20.38544566329377
6.225059999999999,0.5,-16.47590813882647,-17.59291886010284
6.250012999999999,0.5,-16.755160819145562,-17.872171540421935
6.274854999999999,0.5,-19.268434942017397,-19.826940302655583
6.299906,0.5,-20.664698343612862,-20.943951023931955
6.324888000000001,0.5,-21.223203704251045,-21.223203704251045
6.349923,0.5,-21.223203704251045,-21.78170906488923
6.374873000000001,0.5,-21.50245638457014,-22.060961745208324
6.399996999999999,0.5,-21.50245638457014,-21.78170906488923
6.4250609999999995,0.5,-21.50245638457014,-22.060961745208324
6.449888000000001,0.0,-20.38544566329377,-21.223203704251045
6.4748870000000025,0.0,-17.59291886010284,-18.70992958137921
6.499899999999997,0.0,-14.241886696273728,-16.47590813882647
6.524968999999999,0.0,-11.170107212763709,-13.683381335635543
6.549883999999999,0.0,-8.09832772925369,-11.170107212763709
6.574987999999998,0.5,-8.377580409572781,-10.890854532444616
6.599910999999999,0.5,-15.3588974175501,-16.19665545850738
6.624951000000003,0.0,-17.59291886010284,-17.872171540421935
6.649866000000003,0.0,-14.521139376592823,-15.3588974175501
6.674916000000003,0.0,-11.4493598930828,-12.845623294678264
6.699865000000003,0.0,-8.377580409572781,-10.611601852125522
6.724913000000001,0.0,-5.8643062867009474,-8.377580409572781
6.749870999999999,0.0,-3.07177948351002,-5.8643062867009474
6.774923000000001,0.0,-0.5585053606381855,-3.9095375244672983
6.799849000000002,0.0,0.0,-1.9547687622336491
6.8248940000000005,0.5,-4.747295565424577,-4.747295565424577
6.849908999999997,0.5,-14.241886696273728,-13.683381335635543
6.874862999999998,0.5,-18.43067690106012,-17.872171540421935
6.8998750000000015,0.0,-18.70992958137921,-18.43067690106012
6.924930000000003,0.5,-15.638150097869193,-16.19665545850738
6.949902000000002,0.5,-16.47590813882647,-16.755160819145562
6.974898000000003,0.0,-19.54768762233649,-19.54768762233649
6.999879999999997,0.0,-18.43067690106012,-18.70992958137921
7.024946,0.5,-17.31366617978375,-17.872171540421935
7.049866999999999,0.5,-19.54768762233649,-19.826940302655583
7.074950999999999,0.0,-20.664698343612862,-20.943951023931955
7.099967999999997,0.0,-18.989182261698307,-19.826940302655583
7.124879999999997,0.5,-17.872171540421935,-18.43067690106012
7.149912999999998,0.5,-19.826940302655583,-20.38544566329377
7.174897999999999,0.5,-20.943951023931955,-20.943951023931955
7.199888999999999,0.5,-21.223203704251045,-21.78170906488923
7.224871999999998,0.5,-21.50245638457014,-21.78170906488923
7.249845999999998,0.5,-21.50245638457014,-21.78170906488923
7.274881000000001,0.0,-21.223203704251045,-22.060961745208324
7.299875,0.0,-19.826940302655583,-20.38544566329377
7.324930999999999,0.0,-16.19665545850738,-17.872171540421935
7.349989999999998,0.0,-13.40412865531645,-15.3588974175501
7.375047000000002,0.0,-10.053096491487338,-12.845623294678264
7.399889999999999,0.5,-11.728612573401895,-13.40412865531645
7.424908000000002,0.5,-17.31366617978375,-17.59291886010284
7.449874000000001,0.5,-19.54768762233649,-19.826940302655583
7.474882999999998,0.0,-19.826940302655583,-20.106192982974676
7.499901000000001,0.0,-16.755160819145562,-17.59291886010284
7.525011999999997,0.0,-13.40412865531645,-15.079644737231007
7.549931000000001,0.0,-10.611601852125522,-12.566370614359172
7.575088000000001,0.0,-7.819075048934597,-10.332349171806431
7.599905,0.0,-4.747295565424577,-7.819075048934597
7.624904999999998,0.5,-6.422811647339132,-8.377580409572781
7.649939000000003,0.5,-14.521139376592823,-15.079644737231007
7.674886000000001,0.0,-17.034413499464655,-17.31366617978375
7.699928,0.0,-13.962634015954636,-14.521139376592823
7.724972000000001,0.5,-13.683381335635543,-14.521139376592823
7.749856000000001,0.5,-17.872171540421935,-17.872171540421935
7.774901,0.5,-20.106192982974676,-20.106192982974676
7.799916000000003,0.5,-20.943951023931955,-20.943951023931955
7.824944000000002,0.0,-20.106192982974676,-20.664698343612862
7.849907999999999,0.0,-17.034413499464655,-18.151424220741028
7.874960999999999,0.5,-15.917402778188285,-16.755160819145562
7.8999120000000005,0.5,-18.989182261698307,-19.268434942017397
7.924909999999997,0.5,-20.38544566329377,-20.664698343612862
7.949952000000003,0.5,-21.223203704251045,-21.223203704251045
7.974879000000001,0.5,-21.223203704251045,-21.50245638457014
7.999879999999997,0.0,-20.106192982974676,-20.664698343612862
8.024934000000002,0.5,-16.755160819145562,-18.43067690106012
8.049880000000002,0.5,-17.31366617978375,-18.151424220741028
8.075007,0.0,-19.826940302655583,-20.106192982974676
8.099863999999997,0.0,-18.70992958137921,-19.268434942017397
8.125093999999997,0.5,-15.638150097869193,-17.034413499464655
8.149892999999999,0.5,-16.47590813882647,-17.034413499464655
8.174878,0.0,-19.268434942017397,-19.54768762233649
8.199855,0.0,-18.70992958137921,-18.989182261698307
8.224868,0.0,-15.079644737231007,-16.19665545850738
8.249910999999997,0.0,-12.28711793404008,-13.962634015954636
8.275064,0.0,-9.494591130849154,-11.4493598930828
8.299996999999998,0.0,-6.422811647339132,-8.936085770210967
8.324952000000003,0.5,-7.819075048934597,-9.773843811168245
8.349952000000002,0.5,-15.638150097869193,-15.917402778188285
8.374879999999997,0.0,-18.989182261698307,-18.70992958137921
8.399918,0.0,-18.151424220741028,-18.70992958137921
8.425009000000003,0.0,-15.079644737231007,-15.917402778188285
8.449908,0.0,-12.007865253720986,-13.40412865531645
8.474986999999999,0.0,-8.936085770210967,-11.170107212763709
8.499932999999999,0.0,-6.14355896702004,-8.656833089891874
8.524957999999998,0.5,-8.656833089891874,-10.332349171806431
8.549914000000001,0.5,-15.917402778188285,-15.917402778188285
8.574921000000003,0.0,-19.268434942017397,-19.268434942017397
8.599939,0.0,-18.151424220741028,-18.43067690106012
8.624910999999997,0.0,-15.079644737231007,-16.19665545850738
8.649895,0.0,-12.007865253720986,-13.40412865531645
8.674982999999997,0.0,-9.21533845053006,-11.170107212763709
8.699914999999997,0.0,-6.422811647339132,-8.936085770210967
8.72486,0.5,-7.5398223686155035,-9.494591130849154
8.749932000000001,0.5,-15.3588974175501,-15.638150097869193
8.774859999999997,0.0,-17.31366617978375,-17.31366617978375
8.799871000000003,0.0,-14.241886696273728,-14.800392056911914
8.824891000000001,0.5,-11.170107212763709,-12.566370614359172
8.849874,0.5,-13.683381335635543,-14.521139376592823
8.874895000000002,0.5,-18.151424220741028,-17.872171540421935
8.899878000000001,0.5,-20.106192982974676,-20.106192982974676
8.925111999999999,0.0,-20.943951023931955,-21.223203704251045
8.950017000000003,0.0,-19.268434942017397,-20.106192982974676
8.974865000000001,0.0,-16.19665545850738,-17.31366617978375
8.999903000000003,0.0,-13.124875974997359,-15.079644737231007
9.024900000000002,0.0,-10.053096491487338,-12.28711793404008
9.049906999999997,0.0,-7.260569688296411,-10.053096491487338
9.074955000000003,0.5,-4.468042885105484,-7.819075048934597
9.099912000000003,0.5,-9.494591130849154,-10.890854532444616
9.125025,0.5,-16.47590813882647,-16.755160819145562
9.149869000000002,0.0,-17.31366617978375,-17.59291886010284
9.174875,0.0,-14.241886696273728,-15.079644737231007
9.199862000000003,0.0,-11.4493598930828,-12.566370614359172
9.224947,0.0,-8.377580409572781,-10.332349171806431
9.249944,0.0,-5.585053606381854,-8.09832772925369
9.274984000000003,0.0,-2.792526803190927,-5.8643062867009474
9.299875999999998,0.0,-0.5585053606381855,-3.6302848441482056
9.324933000000001,0.5,-4.468042885105484,-5.8643062867009474
9.349851000000001,0.5,-14.241886696273728,-13.962634015954636
9.374893999999998,0.5,-18.151424220741028,-17.872171540421935
9.399904,0.5,-20.106192982974676,-20.106192982974676
9.424903999999998,0.5,-20.943951023931955,-20.943951023931955
9.449849999999998,0.0,-19.826940302655583,-20.38544566329377
9.474944,0.0,-16.755160819145562,-18.151424220741028
9.499845,0.0,-13.683381335635543,-15.3588974175501
9.524897000000003,0.0,-10.611601852125522,-12.845623294678264
9.549919000000003,0.0,-7.5398223686155035,-10.611601852125522
9.574883,0.0,-5.026548245743669,-8.09832772925369
9.599997000000002,0.0,-2.234021442552742,-5.8643062867009474
9.624856999999999,0.5,-0.2792526803190927,-3.9095375244672983
9.649918,0.5,-7.5398223686155035,-8.656833089891874
9.674883999999999,0.5,-15.3588974175501,-15.638150097869193
9.699919000000001,0.5,-18.989182261698307,-18.70992958137921
9.724854,0.5,-20.38544566329377,-20.38544566329377
9.749983999999998,0.5,-20.943951023931955,-21.223203704251045
9.774990000000003,0.5,-21.223203704251045,-21.50245638457014
9.799937,0.5,-21.50245638457014,-21.78170906488923
9.824879000000003,0.0,-21.223203704251045,-22.060961745208324
9.849879999999999,0.0,-19.54768762233649,-20.38544566329377
9.874907,0.5,-18.43067690106012,-19.54768762233649
9.899898,0.5,-20.106192982974676,-20.664698343612862
9.924968999999997,0.5,-20.664698343612862,-21.223203704251045
9.94988,0.5,-21.223203704251045,-21.78170906488923
9.974846999999997,0.5,-21.50245638457014,-21.78170906488923
9.999867000000002,0.5,-21.223203704251045,-22.060961745208324
10.024866000000003,0.0,-20.38544566329377,-21.223203704251045
10.049891000000002,0.0,-17.034413499464655,-18.70992958137921
10.074916000000002,0.5,-16.47590813882647,-17.59291886010284
10.099867000000003,0.5,-18.989182261698307,-19.826940302655583
10.124952,0.0,-20.664698343612862,-20.664698343612862
10.149886000000002,0.0,-18.989182261698307,-19.826940302655583
10.174903999999998,0.5,-15.638150097869193,-17.034413499464655
10.199935000000004,0.5,-16.755160819145562,-17.872171540421935
10.225028000000002,0.5,-19.54768762233649,-19.826940302655583
10.249924,0.5,-20.664698343612862,-20.943951023931955
10.274904,0.5,-21.223203704251045,-21.223203704251045
10.299926999999997,0.5,-21.223203704251045,-21.78170906488923
10.324874999999999,0.5,-21.50245638457014,-22.060961745208324
10.349905999999997,0.5,-21.50245638457014,-22.060961745208324
10.374859999999998,0.5,-21.50245638457014,-21.78170906488923
10.400013999999999,0.5,-21.50245638457014,-22.340214425527417
10.424957,0.5,-21.50245638457014,-22.060961745208324
10.449914999999997,0.5,-21.50245638457014,-22.060961745208324
10.474882000000001,0.5,-21.223203704251045,-21.78170906488923
10.499848,0.5,-21.50245638457014,-22.060961745208324
10.524904,0.5,-21.50245638457014,-22.060961745208324
10.549942999999999,0.5,-21.223203704251045,-22.060961745208324
10.575023000000002,0.5,-21.50245638457014,-22.060961745208324
10.599924999999999,0.0,-20.106192982974676,-20.943951023931955
10.624921,0.5,-18.70992958137921,-19.826940302655583
10.649859,0.5,-20.106192982974676,-20.943951023931955
10.674880000000002,0.0,-19.54768762233649,-20.38544566329377
10.699919999999999,0.0,-16.19665545850738,-17.872171540421935
10.724953,0.0,-13.124875974997359,-15.3588974175501
10.749876,0.0,-9.773843811168245,-12.845623294678264
10.774895,0.0,-7.260569688296411,-10.332349171806431
10.799917,0.0,-4.1887902047863905,-8.09832772925369
10.824862000000003,0.0,-1.6755160819145563,-5.8643062867009474
10.849955000000001,0.0,0.0,-3.6302848441482056
10.874881000000002,0.5,-4.747295565424577,-5.8643062867009474
10.899859999999997,0.5,-14.241886696273728,-13.683381335635543
10.924934,0.5,-18.151424220741028,-18.151424220741028
10.949914,0.5,-20.38544566329377,-19.826940302655583
10.974888999999997,0.5,-20.664698343612862,-20.943951023931955
10.999872000000003,0.5,-21.223203704251045,-21.50245638457014
11.024869000000002,0.5,-21.50245638457014,-21.78170906488923
11.049933000000003,0.5,-21.50245638457014,-22.060961745208324
11.074897,0.5,-21.50245638457014,-21.78170906488923
11.099865999999999,0.5,-21.50245638457014,-22.060961745208324
11.124915000000001,0.0,-21.50245638457014,-22.060961745208324
11.149849000000003,0.0,-19.54768762233649,-20.664698343612862
11.174889,0.5,-18.151424220741028,-19.54768762233649
11.199891999999998,0.5,-20.106192982974676,-20.664698343612862
11.224879000000001,0.5,-20.943951023931955,-21.223203704251045
11.249854,0.5,-20.943951023931955,-21.78170906488923
11.274847999999999,0.0,-21.50245638457014,-21.78170906488923
11.299891000000002,0.0,-19.826940302655583,-20.943951023931955
11.325009999999999,0.5,-16.47590813882647,-18.151424220741028
11.350020999999998,0.5,-17.034413499464655,-17.872171540421935
11.374929999999999,0.5,-19.54768762233649,-20.106192982974676
11.399906999999999,0.5,-20.664698343612862,-20.943951023931955
11.424891000000002,0.5,-20.943951023931955,-21.50245638457014
11.4499,0.5,-21.50245638457014,-22.060961745208324
11.474887000000003,0.0,-20.106192982974676,-20.943951023931955
11.499965000000003,0.0,-17.034413499464655,-18.43067690106012
11.524884999999998,0.0,-13.962634015954636,-15.917402778188285
11.549878,0.0,-10.890854532444616,-13.40412865531645
11.574885000000002,0.0,-7.819075048934597,-10.890854532444616
11.599898000000003,0.0,-5.026548245743669,-8.936085770210967
11.624951000000003,0.5,-2.5132741228718345,-6.422811647339132
11.649914000000003,0.5,-7.819075048934597,-10.053096491487338
11.674957999999997,0.5,-15.917402778188285,-16.19665545850738
11.699921000000003,0.5,-18.989182261698307,-18.989182261698307
11.724845000000002,0.5,-20.38544566329377,-20.664698343612862
11.749920000000003,0.5,-21.223203704251045,-21.223203704251045
11.774859,0.5,-21.223203704251045,-21.78170906488923
11.799985,0.5,-21.50245638457014,-22.060961745208324
11.824925999999998,0.0,-20.38544566329377,-21.223203704251045
11.849868,0.0,-17.31366617978375,-18.70992958137921
11.874938999999998,0.5,-14.241886696273728,-16.19665545850738
11.899859,0.5,-15.3588974175501,-16.755160819145562
11.924912999999997,0.5,-19.268434942017397,-19.54768762233649
11.949902999999999,0.5,-20.38544566329377,-20.943951023931955
11.974863,0.0,-19.826940302655583,-20.106192982974676
11.999915000000001,0.0,-16.47590813882647,-18.151424220741028
12.024918999999997,0.0,-13.683381335635543,-15.3588974175501
12.049962,0.0,-10.332349171806431,-12.845623294678264
12.074891999999998,0.0,-7.5398223686155035,-10.611601852125522
12.099933999999998,0.0,-5.026548245743669,-8.377580409572781
12.125081999999999,0.0,-1.9547687622336491,-5.8643062867009474
12.150011999999997,0.0,-0.2792526803190927,-3.9095375244672983
12.174874000000003,0.5,0.0,-1.9547687622336491
12.199903999999997,0.5,-7.5398223686155035,-7.260569688296411
12.224877999999997,0.5,-15.638150097869193,-15.079644737231007
12.249924,0.5,-18.989182261698307,-18.43067690106012
12.274918,0.0,-18.989182261698307,-19.268434942017397
12.299967000000002,0.0,-16.19665545850738,-16.755160819145562
12.324902000000002,0.5,-15.3588974175501,-16.19665545850738
12.349927000000001,0.5,-18.989182261698307,-18.989182261698307
12.374879,0.0,-20.38544566329377,-20.664698343612862
12.399925000000003,0.0,-18.989182261698307,-19.826940302655583
12.424950000000003,0.0,-15.917402778188285,-17.31366617978375
12.449885000000002,0.0,-12.845623294678264,-14.521139376592823
12.474952000000002,0.5,-13.124875974997359,-14.800392056911914
12.499862,0.5,-17.872171540421935,-18.43067690106012
12.524853999999998,0.5,-19.826940302655583,-20.106192982974676
12.549867999999996,0.5,-20.943951023931955,-21.223203704251045
12.574896000000003,0.5,-21.223203704251045,-21.78170906488923
12.599952000000002,0.5,-21.50245638457014,-21.78170906488923
12.624893999999998,0.5,-21.223203704251045,-22.060961745208324
12.649912,0.0,-20.106192982974676,-20.943951023931955
12.674933000000003,0.0,-16.755160819145562,-18.43067690106012
12.699871000000002,0.0,-13.683381335635543,-15.638150097869193
12.724913999999998,0.0,-10.611601852125522,-13.40412865531645
12.749887999999999,0.0,-7.5398223686155035,-10.890854532444616
12.774864,0.5,-9.494591130849154,-11.728612573401895
12.799900000000001,0.5,-16.19665545850738,-17.034413499464655
12.824871000000002,0.0,-17.59291886010284,-18.151424220741028
12.849871999999998,0.0,-14.800392056911914,-15.638150097869193
12.874873999999998,0.0,-11.4493598930828,-13.40412865531645
12.899926,0.0,-8.656833089891874,-10.890854532444616
12.924919000000003,0.0,-5.8643062867009474,-8.656833089891874
12.949890000000003,0.0,-3.07177948351002,-6.14355896702004
12.974936999999997,0.0,-0.8377580409572781,-4.468042885105484
12.999920000000003,0.0,0.0,-1.9547687622336491
13.02485,0.0,0.0,-0.2792526803190927
13.049928999999999,0.0,0.0,0.0
13.074905000000001,0.0,0.0,0.0
13.099870000000003,0.0,0.0,0.0
13.124876,0.0,0.0,0.0
13.149931000000002,0.0,0.0,0.0
13.174858999999998,0.0,0.0,0.0
13.199900999999997,0.0,0.0,0.0
13.224865000000001,0.5,-3.9095375244672983,-3.9095375244672983
13.249983,0.5,-13.683381335635543,-12.845623294678264
13.274963999999997,0.5,-18.151424220741028,-17.31366617978375
13.299939000000002,0.5,-19.826940302655583,-20.106192982974676
13.324852999999997,0.0,-20.664698343612862,-20.664698343612862
13.349910999999999,0.0,-19.54768762233649,-20.106192982974676
13.374859999999998,0.5,-17.872171540421935,-18.70992958137921
13.399937999999999,0.5,-20.106192982974676,-20.38544566329377
13.424920999999998,0.5,-20.664698343612862,-21.223203704251045
13.449953,0.5,-21.223203704251045,-21.78170906488923
13.474887000000003,0.0,-21.223203704251045,-21.78170906488923
13.499889000000003,0.0,-19.54768762233649,-20.664698343612862
13.524923000000001,0.0,-16.47590813882647,-17.872171540421935
13.549874000000003,0.0,-13.124875974997359,-15.638150097869193
13.574983000000003,0.0,-10.053096491487338,-12.845623294678264
13.599946000000003,0.0,-7.260569688296411,-10.611601852125522
13.624955,0.0,-4.747295565424577,-8.377580409572781
13.649887,0.0,-1.6755160819145563,-6.14355896702004
13.674934999999998,0.0,-0.2792526803190927,-3.9095375244672983
13.699908999999998,0.0,0.0,-1.9547687622336491
13.724933999999998,0.0,0.0,-0.2792526803190927
13.749896999999997,0.0,0.0,0.0
13.774993000000002,0.0,0.0,0.0
13.799903999999998,0.0,0.0,0.0
13.824897999999997,0.0,0.0,0.0
13.849949000000002,0.0,0.0,0.0
13.874932999999999,0.5,-4.1887902047863905,-3.9095375244672983
13.899921999999997,0.5,-13.962634015954636,-13.124875974997359
13.924975000000003,0.5,-18.151424220741028,-17.59291886010284
13.949900999999997,0.5,-20.106192982974676,-20.106192982974676
13.974881000000003,0.5,-20.664698343612862,-20.943951023931955
13.999878000000002,0.5,-21.223203704251045,-21.50245638457014
14.024886000000002,0.5,-21.50245638457014,-21.78170906488923
14.049863000000002,0.0,-20.106192982974676,-20.664698343612862
14.075010999999996,0.5,-18.43067690106012,-19.54768762233649
14.099933,0.5,-20.106192982974676,-20.664698343612862
14.124898000000002,0.5,-20.943951023931955,-21.50245638457014
14.149923000000001,0.5,-21.223203704251045,-21.78170906488923
14.174866000000002,0.0,-20.38544566329377,-20.943951023931955
14.199854000000002,0.0,-17.034413499464655,-18.43067690106012
14.224891999999997,0.0,-13.683381335635543,-15.917402778188285
14.249960999999999,0.0,-10.890854532444616,-13.40412865531645
14.274915,0.5,-8.09832772925369,-11.170107212763709
14.299872999999998,0.5,-11.4493598930828,-13.124875974997359
14.324894,0.0,-15.3588974175501,-15.917402778188285
14.349998999999997,0.0,-12.28711793404008,-13.683381335635543
14.375042999999998,0.0,-9.494591130849154,-11.170107212763709
14.399926999999998,0.0,-6.422811647339132,-8.936085770210967
14.424899000000003,0.0,-3.6302848441482056,-6.702064327658225
14.449885000000002,0.0,-1.3962634015954636,-4.747295565424577
14.474929000000003,0.5,-4.747295565424577,-6.702064327658225
14.499938,0.5,-14.521139376592823,-14.521139376592823
14.524895,0.5,-18.151424220741028,-18.43067690106012
14.549864,0.5,-20.38544566329377,-20.106192982974676
14.574849,0.0,-19.268434942017397,-19.826940302655583
14.599899999999998,0.0,-16.47590813882647,-17.59291886010284
14.624887999999999,0.5,-15.079644737231007,-16.47590813882647
14.64989,0.5,-18.43067690106012,-18.989182261698307
14.674939000000002,0.5,-20.38544566329377,-20.38544566329377
14.699860999999999,0.0,-19.54768762233649,-20.106192982974676
14.724958999999998,0.0,-16.47590813882647,-17.59291886010284
14.749868999999997,0.0,-13.124875974997359,-14.800392056911914
14.774892000000001,0.0,-10.053096491487338,-12.566370614359172
14.799971999999997,0.0,-7.260569688296411,-10.332349171806431
14.824931,0.0,-4.468042885105484,-7.819075048934597
14.849899999999998,0.5,-7.260569688296411,-9.494591130849154
14.874940000000002,0.0,-13.124875974997359,-13.683381335635543
14.899875999999999,0.0,-10.053096491487338,-11.728612573401895
14.924905000000003,0.5,-7.5398223686155035,-8.936085770210967
14.949894,0.5,-11.170107212763709,-12.28711793404008
14.974935000000002,0.5,-17.31366617978375,-17.31366617978375
14.999858000000003,0.5,-19.54768762233649,-19.54768762233649
15.024901,0.0,-20.664698343612862,-20.664698343612862
15.049883999999999,0.0,-19.268434942017397,-20.106192982974676
15.074902000000002,0.0,-15.917402778188285,-17.31366617978375
15.099854,0.0,-12.845623294678264,-14.800392056911914
15.125100000000003,0.5,-9.773843811168245,-12.566370614359172
15.149864,0.5,-12.566370614359172,-13.962634015954636
15.174902000000003,0.5,-17.872171540421935,-17.872171540421935
15.199866,0.5,-19.826940302655583,-20.106192982974676
15.224908,0.0,-19.54768762233649,-20.106192982974676
15.249901000000001,0.0,-16.19665545850738,-17.31366617978375
15.274878000000001,0.5,-15.3588974175501,-16.47590813882647
15.300009000000003,0.5,-18.989182261698307,-19.54768762233649
15.324961000000002,0.0,-19.268434942017397,-19.54768762233649
15.349997000000002,0.0,-16.19665545850738,-17.59291886010284
15.374901999999999,0.5,-15.079644737231007,-16.19665545850738
15.399855000000002,0.5,-18.70992958137921,-18.989182261698307
15.424909,0.5,-20.106192982974676,-20.664698343612862
15.449959999999997,0.5,-21.223203704251045,-21.223203704251045
15.474943000000003,0.0,-19.826940302655583,-20.664698343612862
15.499884000000002,0.0,-17.034413499464655,-18.151424220741028
15.524890999999997,0.0,-13.683381335635543,-15.638150097869193
15.549925000000002,0.0,-10.611601852125522,-13.124875974997359
15.574922,0.5,-11.728612573401895,-13.683381335635543
15.599936999999997,0.5,-17.31366617978375,-17.59291886010284
15.624904,0.0,-18.151424220741028,-18.70992958137921
15.649926,0.0,-15.079644737231007,-16.47590813882647
15.674903,0.0,-12.007865253720986,-13.683381335635543
15.699880999999998,0.0,-8.936085770210967,-11.4493598930828
15.724879000000001,0.0,-6.14355896702004,-9.21533845053006
15.749899999999997,0.0,-3.3510321638291125,-6.981317007977318
15.774878000000001,0.5,-6.14355896702004,-8.656833089891874
15.799902000000003,0.5,-14.800392056911914,-15.3588974175501
15.824883999999997,0.5,-18.70992958137921,-18.70992958137921
15.849907000000002,0.5,-20.106192982974676,-20.664698343612862
15.874887000000001,0.0,-20.943951023931955,-21.223203704251045
15.899968000000001,0.0,-19.54768762233649,-20.38544566329377
15.924961000000003,0.0,-16.19665545850738,-17.59291886010284
15.949893000000003,0.0,-13.124875974997359,-15.079644737231007
15.974984999999997,0.0,-10.053096491487338,-12.566370614359172
15.999856999999999,0.0,-7.260569688296411,-10.332349171806431
16.024867999999998,0.5,-8.377580409572781,-10.611601852125522
16.049926,0.5,-15.638150097869193,-16.47590813882647
16.074931999999997,0.0,-17.034413499464655,-17.59291886010284
16.099849,0.0,-14.241886696273728,-15.079644737231007
16.124947,0.5,-11.170107212763709,-12.845623294678264
16.149890999999997,0.5,-13.40412865531645,-14.521139376592823
16.174860000000002,0.0,-18.151424220741028,-18.43067690106012
16.199911,0.0,-17.31366617978375,-18.43067690106012
16.224882,0.0,-14.241886696273728,-15.638150097869193
16.249907999999998,0.0,-11.4493598930828,-13.40412865531645
16.274869000000002,0.5,-12.007865253720986,-13.683381335635543
16.29988,0.5,-17.31366617978375,-18.151424220741028
16.324879000000003,0.5,-19.826940302655583,-20.106192982974676
16.349904000000002,0.5,-20.664698343612862,-20.943951023931955
16.375076999999997,0.0,-21.50245638457014,-21.78170906488923
16.399988,0.0,-19.268434942017397,-20.664698343612862
16.42499,0.0,-16.19665545850738,-17.872171540421935
16.449936,0.0,-13.124875974997359,-15.3588974175501
16.474922,0.0,-10.053096491487338,-12.845623294678264
16.499892000000003,0.0,-7.260569688296411,-10.611601852125522
16.524872000000002,0.0,-4.468042885105484,-8.377580409572781
16.549929,0.0,-1.6755160819145563,-6.14355896702004
16.574967,0.0,0.0,-4.1887902047863905
16.599863999999997,0.0,0.0,-1.6755160819145563
16.624876,0.5,-5.026548245743669,-5.305800926062761
16.649866000000003,0.5,-14.241886696273728,-13.683381335635543
16.67492,0.5,-18.151424220741028,-17.872171540421935
16.699866,0.5,-20.106192982974676,-20.106192982974676
16.724921000000002,0.5,-20.943951023931955,-21.223203704251045
16.749861000000003,0.0,-19.826940302655583,-20.38544566329377
16.774954,0.5,-16.755160819145562,-18.151424220741028
16.799856,0.5,-17.034413499464655,-17.872171540421935
16.824876000000003,0.5,-19.54768762233649,-20.38544566329377
16.849902,0.5,-20.943951023931955,-20.943951023931955
16.874879,0.0,-20.106192982974676,-21.223203704251045
16.899884999999998,0.0,-17.034413499464655,-18.43067690106012
16.924957999999997,0.5,-16.755160819145562,-17.872171540421935
16.949882000000002,0.5,-19.268434942017397,-19.826940302655583
16.974849999999996,0.5,-20.664698343612862,-20.943951023931955
16.999896,0.5,-21.223203704251045,-21.78170906488923
17.024923,0.5,-21.223203704251045,-21.78170906488923
17.049917999999998,0.5,-21.223203704251045,-21.78170906488923
17.074903999999997,0.0,-20.106192982974676,-21.223203704251045
17.099874,0.0,-17.034413499464655,-18.43067690106012
17.124879,0.5,-13.683381335635543,-15.917402778188285
17.149912999999998,0.5,-15.079644737231007,-17.034413499464655
17.175092,0.0,-18.989182261698307,-19.54768762233649
17.20001,0.0,-18.151424220741028,-18.989182261698307
17.225001,0.0,-14.800392056911914,-16.47590813882647
17.249940000000002,0.0,-12.007865253720986,-13.962634015954636
17.274881999999998,0.0,-8.656833089891874,-11.4493598930828
17.299903,0.0,-6.14355896702004,-9.494591130849154
17.324900999999997,0.0,-3.3510321638291125,-6.981317007977318
17.34995,0.0,-0.8377580409572781,-5.026548245743669
17.375009,0.0,0.0,-2.792526803190927
17.399917000000002,0.0,0.0,-0.8377580409572781
17.424860000000002,0.0,0.0,0.0
17.449885000000002,0.0,0.0,0.0
17.474863,0.0,0.0,0.0
17.499893999999998,0.0,0.0,0.0
17.524971,0.5,-5.026548245743669,-4.468042885105484
17.549911,0.5,-14.241886696273728,-13.40412865531645
17.574993,0.5,-18.43067690106012,-17.872171540421935
17.599857999999998,0.5,-19.826940302655583,-20.106192982974676
17.624854,0.0,-20.943951023931955,-20.943951023931955
17.649893,0.0,-19.268434942017397,-20.106192982974676
17.755556,0.0,-47.19370297392667,-57.5260521457331
17.774926,0.5,-6.422811647339132,-8.377580409572781
17.799864,0.5,-15.079644737231007,-15.917402778188285
17.824890000000003,0.5,-18.70992958137921,-18.989182261698307
17.849902999999998,0.5,-20.38544566329377,-20.664698343612862
17.874851,0.5,-20.943951023931955,-21.223203704251045
17.899895,0.5,-21.50245638457014,-21.78170906488923
17.924881999999997,0.5,-21.223203704251045,-22.060961745208324
17.949855,0.5,-21.50245638457014,-22.060961745208324
17.974866,0.0,-20.106192982974676,-21.223203704251045
17.999885999999996,0.0,-17.034413499464655,-18.43067690106012
18.024898,0.5,-16.19665545850738,-17.872171540421935
18.049916000000003,0.5,-18.989182261698307,-19.54768762233649
18.074890000000003,0.5,-20.664698343612862,-20.943951023931955
18.099949000000002,0.5,-20.943951023931955,-21.78170906488923
18.124854999999997,0.5,-21.223203704251045,-21.78170906488923
18.149903000000002,0.5,-21.78170906488923,-22.060961745208324
18.175061,0.5,-21.50245638457014,-22.340214425527417
18.200006000000002,0.5,-21.50245638457014,-22.060961745208324
18.224888,0.5,-21.223203704251045,-22.060961745208324
18.249955999999997,0.5,-21.78170906488923,-22.060961745208324
18.274886000000002,0.5,-21.223203704251045,-22.060961745208324
18.299861999999997,0.5,-21.50245638457014,-22.340214425527417
18.324866,0.5,-21.50245638457014,-22.060961745208324
18.349949000000002,0.5,-21.78170906488923,-22.340214425527417
18.374999000000003,0.5,-21.50245638457014,-22.060961745208324
18.399925000000003,0.5,-21.223203704251045,-22.060961745208324
18.424875999999998,0.0,-20.38544566329377,-21.223203704251045
18.449891,0.0,-17.034413499464655,-18.70992958137921
18.47486,0.5,-16.47590813882647,-17.872171540421935
18.499885999999996,0.5,-18.989182261698307,-19.826940302655583
18.524963,0.5,-20.38544566329377,-21.223203704251045
18.549864999999997,0.5,-20.943951023931955,-21.50245638457014
18.574973,0.0,-21.50245638457014,-22.060961745208324
18.599905,0.0,-19.54768762233649,-20.38544566329377
18.624865999999997,0.0,-16.19665545850738,-17.872171540421935
18.649901999999997,0.0,-13.40412865531645,-15.638150097869193
18.674903,0.0,-10.053096491487338,-13.124875974997359
18.699889,0.0,-7.260569688296411,-10.890854532444616
18.724922,0.5,-4.468042885105484,-8.377580409572781
18.749878000000002,0.5,-9.494591130849154,-11.4493598930828
18.774880000000003,0.0,-13.683381335635543,-14.241886696273728
18.799861,0.0,-10.890854532444616,-12.28711793404008
18.824863999999998,0.0,-8.09832772925369,-9.494591130849154
18.849915000000003,0.0,-5.026548245743669,-7.260569688296411
18.874903000000003,0.5,-2.5132741228718345,-4.747295565424577
18.899850999999998,0.5,-8.377580409572781,-8.936085770210967
18.924889999999998,0.5,-15.638150097869193,-15.3588974175501
18.949938000000003,0.5,-18.989182261698307,-18.70992958137921
19.054924,0.5,-88.5230996611524,-89.36085770210967
19.074883999999997,0.5,-16.19665545850738,-17.034413499464655
19.09997,0.5,-19.826940302655583,-20.38544566329377
19.124918,0.5,-20.664698343612862,-21.223203704251045
19.149932999999997,0.5,-21.223203704251045,-21.78170906488923
19.174923999999997,0.0,-20.38544566329377,-20.943951023931955
19.199847,0.0,-16.755160819145562,-18.43067690106012
19.224856000000003,0.5,-13.962634015954636,-15.917402778188285
19.249962000000004,0.5,-15.3588974175501,-16.755160819145562
19.274914000000003,0.0,-18.70992958137921,-19.268434942017397
19.299899000000003,0.0,-18.151424220741028,-18.70992958137921
19.324875,0.5,-16.755160819145562,-17.872171540421935
19.349905,0.5,-19.54768762233649,-19.826940302655583
19.374938999999998,0.5,-20.38544566329377,-21.223203704251045
19.399912,0.5,-20.943951023931955,-21.50245638457014
19.424878,0.0,-21.50245638457014,-21.78170906488923
19.449868000000002,0.0,-19.54768762233649,-20.664698343612862
19.474885,0.0,-16.47590813882647,-18.151424220741028
19.5,0.0,-13.124875974997359,-15.638150097869193
19.524965,0.5,-12.845623294678264,-14.800392056911914
19.549895999999997,0.5,-17.59291886010284,-18.151424220741028
19.574878,0.0,-18.151424220741028,-18.989182261698307
19.599854999999998,0.0,-15.3588974175501,-16.47590813882647
19.624972999999997,0.0,-12.007865253720986,-13.962634015954636
19.649924,0.0,-9.21533845053006,-11.4493598930828
19.675018,0.0,-6.422811647339132,-9.494591130849154
19.699933,0.0,-3.6302848441482056,-6.981317007977318
19.72486,0.0,-1.117010721276371,-4.747295565424577
19.749923000000003,0.0,0.0,-2.792526803190927
19.774875,0.5,0.0,-0.5585053606381855
19.799863000000002,0.5,-6.981317007977318,-6.422811647339132
19.824967,0.0,-12.28711793404008,-12.007865253720986
19.849868999999998,0.0,-9.773843811168245,-9.773843811168245
19.874975,0.0,-6.702064327658225,-7.5398223686155035
19.899909,0.0,-4.1887902047863905,-5.026548245743669
19.92487,0.5,-1.3962634015954636,-3.3510321638291125
19.949919,0.5,-7.260569688296411,-7.819075048934597
19.974888,0.5,-15.3588974175501,-15.3588974175501
19.999884,0.0,-16.47590813882647,-16.47590813882647
20.024923,0.0,-13.40412865531645,-14.241886696273728
20.049902000000003,0.0,-10.332349171806431,-11.728612573401895
20.074910000000003,0.5,-7.5398223686155035,-9.494591130849154
20.099902,0.5,-11.170107212763709,-12.28711793404008
20.124858000000003,0.0,-14.800392056911914,-15.079644737231007
20.149850999999998,0.0,-12.007865253720986,-13.124875974997359
20.174951999999998,0.0,-9.21533845053006,-10.611601852125522
20.199862000000003,0.0,-6.14355896702004,-8.377580409572781
20.224922,0.0,-3.3510321638291125,-5.8643062867009474
20.249865,0.0,-1.117010721276371,-4.1887902047863905
20.274861,0.0,0.0,-1.6755160819145563
20.299872,0.0,0.0,-0.2792526803190927
20.324885000000002,0.0,0.0,0.0
20.349846999999997,0.0,0.0,0.0
20.374882,0.0,0.0,0.0
20.39985,0.0,0.0,0.0
20.424914,0.5,-4.747295565424577,-4.468042885105484
20.449871,0.5,-14.241886696273728,-13.683381335635543
20.474907,0.0,-18.43067690106012,-17.59291886010284
20.499938,0.0,-17.872171540421935,-17.59291886010284
20.524858000000002,0.0,-14.241886696273728,-15.079644737231007
20.549878,0.0,-11.4493598930828,-12.566370614359172
20.574908999999998,0.5,-11.728612573401895,-12.845623294678264
20.599978,0.5,-17.034413499464655,-17.31366617978375
20.624920000000003,0.5,-19.54768762233649,-19.54768762233649
20.649883000000003,0.5,-20.38544566329377,-20.943951023931955
20.674912999999997,0.0,-21.223203704251045,-21.50245638457014
20.699855,0.0,-19.268434942017397,-20.38544566329377
20.724857999999998,0.5,-17.872171540421935,-18.70992958137921
20.749892000000003,0.5,-19.54768762233649,-20.38544566329377
20.774991,0.0,-19.54768762233649,-20.106192982974676
20.799906999999997,0.0,-15.917402778188285,-17.59291886010284
20.824851000000002,0.0,-13.124875974997359,-15.079644737231007
20.849881000000003,0.0,-10.053096491487338,-12.566370614359172
20.874915,0.5,-10.611601852125522,-12.845623294678264
20.899980999999997,0.5,-16.755160819145562,-17.31366617978375
20.924909999999997,0.0,-17.59291886010284,-18.151424220741028
20.949928,0.0,-14.800392056911914,-15.638150097869193
20.974918000000002,0.0,-11.4493598930828,-13.40412865531645
20.999854,0.0,-8.656833089891874,-11.170107212763709
21.024959000000003,0.5,-6.14355896702004,-8.656833089891874
21.049911,0.5,-10.053096491487338,-11.728612573401895
21.074930000000002,0.0,-14.800392056911914,-15.079644737231007
21.099854999999998,0.0,-12.007865253720986,-13.124875974997359
21.124904,0.0,-9.21533845053006,-10.890854532444616
21.149876,0.0,-6.14355896702004,-8.377580409572781
21.174934,0.5,-3.6302848441482056,-6.422811647339132
21.199914999999997,0.5,-8.936085770210967,-10.332349171806431
21.224874999999997,0.5,-15.917402778188285,-16.19665545850738
21.249896,0.5,-19.268434942017397,-19.268434942017397
21.27494,0.0,-20.38544566329377,-20.943951023931955
21.299875999999998,0.0,-18.70992958137921,-19.54768762233649
21.324851000000002,0.0,-15.917402778188285,-17.31366617978375
21.349871,0.0,-12.566370614359172,-14.800392056911914
21.375084,0.5,-9.773843811168245,-12.566370614359172
21.399912,0.5,-12.566370614359172,-13.962634015954636
21.424878,0.5,-17.59291886010284,-18.151424220741028
21.449841999999997,0.5,-19.54768762233649,-20.38544566329377
21.474893,0.5,-20.943951023931955,-21.223203704251045
21.499859999999998,0.5,-21.223203704251045,-21.50245638457014
21.525042,0.0,-21.50245638457014,-22.060961745208324
21.550007,0.0,-19.54768762233649,-20.664698343612862
21.575021,0.5,-18.151424220741028,-19.268434942017397
21.599930999999998,0.5,-19.54768762233649,-20.38544566329377
21.624884,0.0,-19.826940302655583,-20.664698343612862
21.649870999999997,0.0,-16.47590813882647,-17.872171540421935
21.674892,0.0,-13.683381335635543,-15.638150097869193
21.699970999999998,0.0,-10.332349171806431,-13.124875974997359
21.724933999999998,0.0,-7.819075048934597,-10.890854532444616
21.749862999999998,0.0,-4.747295565424577,-8.377580409572781
21.774895,0.0,-2.234021442552742,-6.14355896702004
21.799901,0.0,-0.2792526803190927,-4.1887902047863905
21.824849,0.5,-3.6302848441482056,-5.585053606381854
21.849902999999998,0.5,-13.683381335635543,-13.683381335635543
21.874935,0.5,-18.151424220741028,-18.43067690106012
21.89992,0.5,-19.826940302655583,-20.106192982974676
21.924965999999998,0.5,-20.664698343612862,-21.223203704251045
21.949858999999996,0.5,-21.223203704251045,-21.50245638457014
21.974918000000002,0.5,-21.223203704251045,-22.060961745208324
21.999964,0.5,-21.50245638457014,-22.060961745208324
22.024917000000002,0.0,-20.38544566329377,-21.223203704251045
22.049864,0.0,-17.31366617978375,-18.70992958137921
22.074925999999998,0.5,-14.241886696273728,-16.47590813882647
22.099908,0.5,-15.638150097869193,-17.31366617978375
22.124853,0.5,-18.989182261698307,-19.54768762233649
22.149906,0.5,-20.38544566329377,-21.223203704251045
22.174908000000002,0.0,-19.826940302655583,-20.38544566329377
22.199894999999998,0.0,-16.47590813882647,-18.151424220741028
22.224970999999996,0.0,-13.683381335635543,-15.638150097869193
22.249887,0.0,-10.611601852125522,-13.124875974997359
22.274887999999997,0.5,-11.4493598930828,-13.683381335635543
22.29988,0.5,-17.31366617978375,-17.872171540421935
22.324937,0.0,-18.151424220741028,-18.70992958137921
22.34988,0.0,-15.079644737231007,-16.47590813882647
22.374882,0.0,-12.28711793404008,-13.962634015954636
22.399907,0.0,-9.21533845053006,-11.4493598930828
22.424906999999997,0.0,-6.422811647339132,-9.494591130849154
22.449911999999998,0.0,-3.6302848441482056,-6.981317007977318
22.474884000000003,0.0,-1.117010721276371,-4.747295565424577
22.499927999999997,0.0,0.0,-2.792526803190927
22.524884999999998,0.0,0.0,-0.8377580409572781
22.549922000000002,0.0,0.0,0.0
22.574903,0.0,0.0,0.0
22.599912000000003,0.0,0.0,0.0
22.624885,0.0,0.0,0.0
22.650005,0.0,0.0,0.0
22.674942,0.5,0.0,0.0
22.699938000000003,0.5,-7.5398223686155035,-6.981317007977318
22.724891,0.5,-15.3588974175501,-14.521139376592823
22.749921999999998,0.5,-18.70992958137921,-18.70992958137921
22.774873999999997,0.5,-20.38544566329377,-20.106192982974676
22.799926,0.5,-20.943951023931955,-21.50245638457014
22.825013,0.5,-21.223203704251045,-21.78170906488923
22.849896,0.0,-20.106192982974676,-20.943951023931955
22.874865,0.0,-17.034413499464655,-18.70992958137921
22.89991,0.0,-13.962634015954636,-15.917402778188285
22.924872999999998,0.0,-10.890854532444616,-13.683381335635543
22.949978,0.0,-8.09832772925369,-11.170107212763709
22.974988000000003,0.5,-8.936085770210967,-11.728612573401895
22.999938999999998,0.5,-15.917402778188285,-16.755160819145562
23.02496,0.5,-18.989182261698307,-19.54768762233649
23.049881999999997,0.5,-20.38544566329377,-20.664698343612862
23.074872999999997,0.5,-21.223203704251045,-21.78170906488923
23.099970999999996,0.5,-21.223203704251045,-21.78170906488923
23.124935,0.5,-21.50245638457014,-22.060961745208324
23.149867999999998,0.5,-21.50245638457014,-22.060961745208324
23.174920999999998,0.0,-21.50245638457014,-22.340214425527417
23.199906,0.0,-19.54768762233649,-20.664698343612862
23.224897,0.0,-16.47590813882647,-18.43067690106012
23.249952999999998,0.0,-13.40412865531645,-15.917402778188285
23.274886000000002,0.0,-10.332349171806431,-13.124875974997359
23.299895999999997,0.0,-7.5398223686155035,-11.170107212763709
23.324962,0.5,-4.747295565424577,-8.936085770210967
23.349885,0.5,-9.494591130849154,-11.728612573401895
23.374876,0.5,-16.47590813882647,-17.034413499464655
23.399876999999996,0.5,-19.268434942017397,-19.54768762233649
23.425088000000002,0.5,-20.664698343612862,-21.223203704251045
23.449905,0.5,-20.943951023931955,-21.223203704251045
23.474911,0.5,-21.50245638457014,-22.060961745208324
23.499927,0.5,-21.223203704251045,-21.78170906488923
23.524879,0.5,-21.50245638457014,-22.340214425527417
23.549881999999997,0.5,-21.50245638457014,-22.060961745208324
23.574852999999997,0.5,-21.50245638457014,-22.060961745208324
23.599992,0.5,-21.78170906488923,-22.340214425527417
23.625041000000003,0.5,-21.50245638457014,-22.340214425527417
23.649864,0.0,-20.106192982974676,-20.943951023931955
23.674875999999998,0.0,-16.755160819145562,-18.70992958137921
23.699879000000003,0.0,-13.962634015954636,-16.19665545850738
23.724894,0.0,-10.611601852125522,-13.683381335635543
23.749903000000003,0.0,-7.819075048934597,-11.170107212763709
23.774960999999998,0.5,-9.494591130849154,-12.28711793404008
23.79987,0.5,-16.19665545850738,-17.034413499464655
23.824939,0.0,-17.872171540421935,-18.151424220741028
23.849907,0.0,-14.241886696273728,-15.917402778188285
23.874902,0.0,-11.728612573401895,-13.40412865531645
23.899928000000003,0.0,-8.377580409572781,-11.170107212763709
23.925106999999997,0.0,-5.8643062867009474,-8.936085770210967
23.949883999999997,0.0,-3.07177948351002,-6.422811647339132
23.974911,0.0,-0.8377580409572781,-4.468042885105484
23.999889000000003,0.0,0.0,-2.5132741228718345
24.024866000000003,0.5,0.0,-0.2792526803190927
24.049869,0.5,-6.981317007977318,-6.702064327658225
24.075094999999997,0.0,-15.638150097869193,-14.800392056911914
24.099874999999997,0.0,-15.638150097869193,-15.917402778188285
24.12487,0.0,-13.124875974997359,-13.40412865531645
24.149957999999998,0.0,-9.773843811168245,-11.170107212763709
24.174898,0.5,-7.260569688296411,-8.656833089891874
24.199871,0.5,-10.890854532444616,-11.728612573401895
24.224998999999997,0.5,-17.034413499464655,-17.31366617978375
24.250000999999997,0.5,-19.54768762233649,-19.826940302655583
24.274895,0.5,-20.664698343612862,-20.943951023931955
24.299978000000003,0.5,-20.943951023931955,-21.50245638457014
24.3249,0.0,-21.50245638457014,-21.78170906488923
24.349856000000003,0.0,-19.54768762233649,-20.943951023931955
24.374968000000003,0.0,-16.755160819145562,-18.151424220741028
24.399918999999997,0.0,-13.40412865531645,-15.638150097869193
