t,u,wl,wr
0.0,0.5,0.0,0.0
0.05000899999999575,0.5,-11.030480872604162,-10.611601852125522
0.09991699999999781,0.5,-18.43067690106012,-18.01179788058148
0.1499589999999955,0.5,-19.826940302655583,-19.96656664281513
0.19996899999999584,0.5,-20.38544566329377,-20.38544566329377
0.24999400000000094,0.5,-20.38544566329377,-20.664698343612862
0.3000149999999948,0.5,-20.664698343612862,-21.0835773640915
0.3499789999999976,0.5,-20.525072003453317,-21.0835773640915
0.39991299999999796,0.5,-20.664698343612862,-21.0835773640915
0.44997800000000154,0.5,-20.804324683772407,-21.362830044410593
0.500079999999997,0.5,-20.804324683772407,-21.223203704251045
0.5500009999999946,0.5,-20.664698343612862,-21.362830044410593
0.5999750000000006,0.5,-20.804324683772407,-21.362830044410593
0.6499600000000001,0.5,-20.804324683772407,-21.223203704251045
0.6999599999999973,0.5,-20.804324683772407,-20.943951023931955
0.7500110000000006,0.5,-20.943951023931955,-21.223203704251045
0.7999369999999999,0.5,-20.804324683772407,-21.223203704251045
0.8499649999999974,0.5,-20.804324683772407,-21.0835773640915
0.8999219999999966,0.5,-20.664698343612862,-21.0835773640915
0.9500729999999962,0.5,-20.943951023931955,-21.223203704251045
1.0000560000000007,0.5,-20.664698343612862,-21.223203704251045
1.0499310000000008,0.5,-20.664698343612862,-21.0835773640915
1.099933,0.5,-20.804324683772407,-21.223203704251045
1.1499400000000009,0.5,-20.804324683772407,-21.223203704251045
1.1999899999999997,0.5,-20.804324683772407,-21.362830044410593
1.2499699999999976,0.5,-20.804324683772407,-21.223203704251045
1.299945000000001,0.5,-20.804324683772407,-21.223203704251045
1.3499750000000006,0.5,-20.804324683772407,-21.362830044410593
1.4000229999999974,0.5,-20.804324683772407,-21.362830044410593
1.4499619999999993,0.5,-20.804324683772407,-21.223203704251045
1.4999309999999966,0.5,-20.664698343612862,-21.362830044410593
1.5499269999999967,0.5,-20.943951023931955,-21.362830044410593
1.6000319999999988,0.5,-20.804324683772407,-21.50245638457014
1.649955999999996,0.5,-20.804324683772407,-21.223203704251045
1.699943999999995,0.5,-20.804324683772407,-21.362830044410593
1.749915999999999,0.5,-20.804324683772407,-21.362830044410593
1.7999319999999983,0.5,-20.943951023931955,-21.50245638457014
1.8500119999999995,0.5,-20.943951023931955,-21.362830044410593
1.8999479999999949,0.5,-20.943951023931955,-21.223203704251045
1.9499589999999998,0.5,-20.804324683772407,-21.223203704251045
1.999927999999997,0.0,-20.943951023931955,-21.223203704251045
2.0499499999999955,0.0,-16.89478715930511,-18.01179788058148
2.099981999999997,0.0,-9.354964790689605,-11.728612573401895
2.149954000000001,0.0,-2.5132741228718345,-6.283185307179586
2.1999569999999977,0.0,0.0,-1.2566370614359172
2.249997999999998,0.0,0.0,0.0
2.300013,0.0,0.0,0.0
2.3499729999999985,0.0,0.0,0.0
2.399940000000001,0.0,0.0,0.0
2.4499469999999945,0.0,0.0,0.0
2.500028999999998,0.0,0.0,0.0
2.5499319999999983,0.0,0.0,0.0
2.5999899999999982,0.0,0.0,0.0
2.6499219999999966,0.0,0.0,0.0
2.699953999999998,0.0,0.0,0.0
2.7499639999999985,0.0,0.0,0.0
2.7999379999999974,0.0,0.0,0.0
2.8499300000000005,0.0,0.0,0.0
2.899924999999996,0.0,0.0,0.0
2.9499919999999946,0.0,0.0,0.0
3.0000789999999995,0.5,0.0,0.0
3.050042999999995,0.5,-10.611601852125522,-10.053096491487338
3.0999259999999964,0.5,-18.151424220741028,-18.151424220741028
3.149926999999998,0.5,-19.687313962496034,-19.96656664281513
3.1999939999999967,0.5,-20.24581932313422,-20.664698343612862
3.2499499999999983,0.5,-20.24581932313422,-20.804324683772407
3.299954999999997,0.5,-20.664698343612862,-21.0835773640915
3.3499399999999966,0.5,-20.525072003453317,-21.0835773640915
3.4000229999999974,0.5,-20.804324683772407,-21.362830044410593
3.4499899999999997,0.5,-20.664698343612862,-21.223203704251045
3.5000050000000016,0.5,-20.664698343612862,-21.362830044410593
3.5499280000000013,0.5,-20.804324683772407,-21.223203704251045
3.599992999999998,0.5,-20.804324683772407,-21.50245638457014
3.6499919999999975,0.5,-20.804324683772407,-21.223203704251045
3.700021999999997,0.5,-20.804324683772407,-21.50245638457014
3.7499409999999997,0.5,-20.804324683772407,-21.223203704251045
3.7999480000000005,0.5,-20.943951023931955,-21.223203704251045
3.8500289999999993,0.5,-20.943951023931955,-21.362830044410593
3.899968000000001,0.5,-20.804324683772407,-21.362830044410593
3.949936000000001,0.5,-20.804324683772407,-21.50245638457014
3.9999520000000004,0.0,-20.804324683772407,-21.223203704251045
4.049965999999998,0.0,-16.615534478986017,-18.01179788058148
4.1000489999999985,0.0,-9.21533845053006,-11.868238913561441
4.149971000000001,0.0,-2.5132741228718345,-6.14355896702004
4.199990999999997,0.0,0.0,-1.3962634015954636
4.249925999999995,0.0,0.0,0.0
4.299928000000001,0.0,0.0,0.0
4.350001999999996,0.0,0.0,0.0
4.399946999999997,0.0,0.0,0.0
4.449923999999996,0.0,0.0,0.0
4.4999189999999984,0.0,0.0,0.0
4.550024999999998,0.0,0.0,0.0
4.600003999999998,0.0,0.0,0.0
4.649966999999997,0.0,0.0,0.0
4.699990999999997,0.0,0.0,0.0
4.750051999999997,0.0,0.0,0.0
4.799994999999996,0.0,0.0,0.0
4.8499709999999965,0.0,0.0,0.0
4.899977,0.0,0.0,0.0
4.949933999999999,0.0,0.0,0.0
5.000034999999997,0.5,0.0,0.0
5.0499889999999965,0.5,-11.4493598930828,-10.332349171806431
5.0999379999999945,0.5,-18.43067690106012,-18.151424220741028
5.149975999999995,0.5,-19.96656664281513,-20.106192982974676
5.1999330000000015,0.5,-20.24581932313422,-20.804324683772407
5.249992999999996,0.5,-20.525072003453317,-21.0835773640915
5.299923,0.5,-20.664698343612862,-21.0835773640915
5.349944999999998,0.5,-20.664698343612862,-21.362830044410593
5.400005999999998,0.5,-20.664698343612862,-21.223203704251045
5.449996999999996,0.5,-20.664698343612862,-21.50245638457014
5.500005000000002,0.5,-20.804324683772407,-21.362830044410593
5.549923999999997,0.5,-20.804324683772407,-21.223203704251045
5.599961999999998,0.5,-20.943951023931955,-21.362830044410593
5.650025999999997,0.5,-20.943951023931955,-21.50245638457014
5.699920999999996,0.5,-20.943951023931955,-21.223203704251045
5.7500360000000015,0.5,-20.943951023931955,-21.50245638457014
5.799969999999995,0.5,-20.943951023931955,-21.362830044410593
5.849987999999996,0.5,-20.943951023931955,-21.362830044410593
5.899989999999995,0.5,-20.804324683772407,-21.50245638457014
5.949984000000001,0.5,-20.943951023931955,-21.362830044410593
5.999972999999997,0.0,-20.943951023931955,-21.50245638457014
6.049920999999998,0.0,-16.89478715930511,-18.291050560900576
6.100026,0.0,-9.494591130849154,-12.147491593880533
6.149963,0.0,-2.9321531433504737,-6.562437987498679
6.200019999999995,0.0,0.0,-1.6755160819145563
6.249987999999995,0.0,0.0,0.0
6.299956999999999,0.0,0.0,0.0
6.349983999999999,0.0,0.0,0.0
6.400010999999999,0.0,0.0,0.0
6.449967999999998,0.0,0.0,0.0
6.499915999999999,0.0,0.0,0.0
6.549979,0.0,0.0,0.0
6.599934999999995,0.0,0.0,0.0
6.649924999999996,0.0,0.0,0.0
6.699912999999995,0.0,0.0,0.0
6.749972,0.0,0.0,0.0
6.799968,0.0,0.0,0.0
6.849958999999998,0.0,0.0,0.0
6.899932,0.0,0.0,0.0
6.949933999999999,0.0,0.0,0.0
7.0000069999999965,0.5,0.0,0.0
7.049920999999998,0.5,-11.170107212763709,-10.192722831646885
7.100026999999997,0.5,-18.570303241219666,-18.01179788058148
7.149916999999995,0.5,-19.96656664281513,-20.106192982974676
7.200001,0.5,-20.525072003453317,-20.804324683772407
7.249991000000001,0.5,-20.664698343612862,-20.943951023931955
7.299925999999999,0.5,-20.664698343612862,-21.0835773640915
7.349922999999997,0.5,-20.804324683772407,-21.223203704251045
7.399937999999999,0.5,-20.804324683772407,-21.362830044410593
7.449985999999996,0.5,-20.943951023931955,-21.362830044410593
7.500079999999997,0.5,-20.943951023931955,-21.223203704251045
7.550022999999996,0.5,-20.943951023931955,-21.362830044410593
7.599921999999999,0.5,-20.804324683772407,-21.362830044410593
7.649941999999996,0.5,-20.943951023931955,-21.50245638457014
7.699930999999999,0.5,-20.804324683772407,-21.362830044410593
7.749975999999997,0.5,-20.943951023931955,-21.362830044410593
7.7999829999999974,0.5,-21.0835773640915,-21.50245638457014
7.849958000000001,0.5,-20.804324683772407,-21.362830044410593
7.900000999999996,0.5,-20.943951023931955,-21.362830044410593
7.950018,0.5,-20.804324683772407,-21.50245638457014
8.000051,0.0,-20.943951023931955,-21.50245638457014
8.049926,0.0,-16.755160819145562,-18.151424220741028
8.099944999999998,0.0,-9.634217471008698,-12.28711793404008
8.149937000000001,0.0,-2.9321531433504737,-6.702064327658225
8.199967000000001,0.0,0.0,-1.6755160819145563
8.249922999999995,0.0,0.0,0.0
8.299921999999995,0.0,0.0,0.0
8.349973999999996,0.0,0.0,0.0
8.400008,0.0,0.0,0.0
8.449962999999997,0.0,0.0,0.0
8.499978999999996,0.0,0.0,0.0
8.549974999999996,0.0,0.0,0.0
8.59993,0.0,0.0,0.0
8.649994999999997,0.0,0.0,0.0
8.700029,0.0,0.0,0.0
8.749938999999998,0.0,0.0,0.0
8.799931,0.0,0.0,0.0
8.850026999999997,0.0,0.0,0.0
8.899985000000001,0.0,0.0,0.0
8.949920999999996,0.0,0.0,0.0
8.999919999999996,0.5,0.0,0.0
9.049960999999996,0.5,-11.309733552923255,-10.471975511965978
9.099927999999998,0.5,-18.570303241219666,-18.151424220741028
9.149926,0.5,-19.96656664281513,-20.24581932313422
9.199936999999998,0.5,-20.525072003453317,-20.664698343612862
9.250006999999997,0.5,-20.664698343612862,-21.223203704251045
9.299994999999996,0.5,-20.664698343612862,-21.0835773640915
9.349965999999995,0.5,-20.664698343612862,-21.223203704251045
9.399977,0.5,-20.804324683772407,-21.362830044410593
9.449951999999996,0.5,-20.943951023931955,-21.362830044410593
9.500015999999995,0.5,-20.804324683772407,-21.50245638457014
9.549938999999995,0.5,-20.804324683772407,-21.362830044410593
9.600000999999999,0.5,-20.943951023931955,-21.223203704251045
9.649918,0.5,-20.943951023931955,-21.223203704251045
9.699931999999997,0.5,-20.943951023931955,-21.362830044410593
9.750003,0.5,-21.0835773640915,-21.362830044410593
9.799996,0.5,-20.804324683772407,-21.50245638457014
9.849973999999996,0.5,-20.804324683772407,-21.50245638457014
9.899952999999996,0.5,-20.804324683772407,-21.50245638457014
9.950001999999998,0.5,-20.804324683772407,-21.50245638457014
9.999975,0.0,-20.804324683772407,-21.362830044410593
10.050027999999998,0.0,-16.755160819145562,-18.291050560900576
10.099970999999996,0.0,-9.21533845053006,-12.28711793404008
10.149982999999999,0.0,-2.6529004630313806,-6.702064327658225
10.199984,0.0,0.0,-1.6755160819145563
10.249989999999997,0.0,0.0,0.0
10.299955999999995,0.0,0.0,0.0
10.349955999999999,0.0,0.0,0.0
10.400014999999996,0.0,0.0,0.0
10.449962,0.0,0.0,0.0
10.500003,0.0,0.0,0.0
10.549921999999995,0.0,0.0,0.0
10.599967999999997,0.0,0.0,0.0
10.649985999999998,0.0,0.0,0.0
10.699925999999998,0.0,0.0,0.0
10.749955999999997,0.0,0.0,0.0
10.799987000000002,0.0,0.0,0.0
10.849975999999998,0.0,0.0,0.0
10.900061,0.0,0.0,0.0
10.949984,0.0,0.0,0.0
10.999973999999995,0.0,0.0,0.0
11.049923999999997,0.0,0.0,0.0
11.099964999999997,0.0,0.0,0.0
11.149929999999998,0.0,0.0,0.0
11.199956999999998,0.0,0.0,0.0
11.249986999999997,0.0,0.0,0.0
11.299945000000001,0.0,0.0,0.0
11.350027999999995,0.0,0.0,0.0
11.399996000000002,0.0,0.0,0.0
11.449948999999997,0.0,0.0,0.0
11.499972999999997,0.0,0.0,0.0
11.550066000000001,0.0,0.0,0.0
11.599941999999999,0.0,0.0,0.0
11.650025999999997,0.0,0.0,0.0
11.699942999999998,0.0,0.0,0.0
11.750000999999997,0.0,0.0,0.0
11.800007999999998,0.0,0.0,0.0
11.849934999999995,0.0,0.0,0.0
11.899947999999995,0.0,0.0,0.0
11.949933999999999,0.0,0.0,0.0
11.999938999999998,0.5,0.0,0.0
12.049977999999996,0.5,-11.170107212763709,-10.332349171806431
12.100020999999998,0.5,-18.43067690106012,-18.291050560900576
12.149975999999995,0.5,-19.96656664281513,-20.24581932313422
12.199984,0.5,-20.24581932313422,-20.664698343612862
12.250011999999998,0.5,-20.664698343612862,-21.0835773640915
12.299960999999996,0.5,-20.664698343612862,-21.223203704251045
12.349913999999998,0.5,-20.664698343612862,-21.223203704251045
12.399943999999998,0.5,-20.804324683772407,-21.362830044410593
12.450032,0.5,-20.804324683772407,-21.362830044410593
12.500003,0.5,-20.804324683772407,-21.362830044410593
12.549952999999995,0.5,-20.804324683772407,-21.362830044410593
12.599979999999995,0.5,-20.943951023931955,-21.50245638457014
12.649972999999996,0.5,-20.804324683772407,-21.50245638457014
12.699993,0.5,-20.943951023931955,-21.50245638457014
12.749966,0.5,-20.943951023931955,-21.362830044410593
12.799949999999995,0.5,-20.943951023931955,-21.50245638457014
12.849951999999995,0.5,-20.943951023931955,-21.50245638457014
12.900002999999998,0.5,-21.0835773640915,-21.642082724729686
12.949936999999998,0.5,-20.804324683772407,-21.642082724729686
12.999932000000001,0.5,-20.804324683772407,-21.50245638457014
13.049983999999995,0.5,-20.943951023931955,-21.642082724729686
13.099922,0.5,-20.943951023931955,-21.642082724729686
13.149999000000001,0.5,-20.943951023931955,-21.642082724729686
13.199919999999999,0.5,-20.943951023931955,-21.642082724729686
13.249966,0.5,-20.943951023931955,-21.50245638457014
13.299946999999996,0.5,-20.804324683772407,-21.78170906488923
13.349998,0.5,-20.943951023931955,-21.642082724729686
13.400065999999995,0.5,-20.943951023931955,-21.642082724729686
13.450040999999999,0.5,-20.943951023931955,-21.642082724729686
13.499938,0.5,-20.943951023931955,-21.78170906488923
13.549934,0.5,-20.943951023931955,-21.642082724729686
13.599958,0.5,-20.943951023931955,-21.78170906488923
13.649926,0.5,-20.943951023931955,-21.642082724729686
13.753766999999996,0.5,-43.28416544945937,-45.099307871533476
13.799941000000004,0.5,-19.268434942017397,-19.96656664281513
13.849965999999995,0.5,-20.943951023931955,-21.78170906488923
13.899929,0.5,-20.943951023931955,-21.78170906488923
13.949922,0.5,-20.943951023931955,-21.642082724729686
13.999929999999992,0.0,-20.804324683772407,-21.78170906488923
14.049950999999993,0.0,-16.755160819145562,-18.43067690106012
14.099971999999994,0.0,-9.21533845053006,-12.566370614359172
14.150024000000002,0.0,-2.6529004630313806,-7.120943348136864
14.199928,0.0,0.0,-1.9547687622336491
14.250004000000004,0.0,0.0,0.0
14.300007999999991,0.0,0.0,0.0
14.35002,0.0,0.0,0.0
14.399974999999998,0.0,0.0,0.0
14.449943000000005,0.0,0.0,0.0
14.500015000000005,0.0,0.0,0.0
14.549962999999991,0.0,0.0,0.0
14.600026999999997,0.0,0.0,0.0
14.649913999999995,0.0,0.0,0.0
14.699962999999997,0.0,0.0,0.0
14.749982000000003,0.0,0.0,0.0
14.799987000000002,0.0,0.0,0.0
14.849924000000001,0.0,0.0,0.0
14.899952999999996,0.0,0.0,0.0
14.950011000000003,0.0,0.0,0.0
15.000114999999994,0.0,0.0,0.0
15.049989999999994,0.0,0.0,0.0
15.099918000000002,0.0,0.0,0.0
15.149931999999993,0.0,0.0,0.0
15.199957999999995,0.0,0.0,0.0
15.250007999999994,0.0,0.0,0.0
15.299935000000005,0.0,0.0,0.0
15.349938999999992,0.0,0.0,0.0
15.399995000000004,0.0,0.0,0.0
15.450065999999993,0.0,0.0,0.0
15.500011,0.0,0.0,0.0
15.549925000000002,0.0,0.0,0.0
15.599941000000001,0.0,0.0,0.0
15.649929,0.0,0.0,0.0
15.699983000000003,0.0,0.0,0.0
15.749951999999993,0.0,0.0,0.0
15.799987999999999,0.0,0.0,0.0
15.849924999999999,0.0,0.0,0.0
15.900010999999992,0.0,0.0,0.0
15.949933000000001,0.0,0.0,0.0
15.999932999999999,0.0,0.0,0.0
16.049970000000002,0.5,0.0,0.0
16.099998,0.5,-10.75122819228507,-9.634217471008698
16.150087999999997,0.5,-18.291050560900576,-18.151424220741028
16.20002699999999,0.5,-19.826940302655583,-20.24581932313422
16.249983999999998,0.5,-20.106192982974676,-20.943951023931955
16.299936000000002,0.5,-20.38544566329377,-21.0835773640915
16.349952000000002,0.5,-20.525072003453317,-21.362830044410593
16.400004999999993,0.5,-20.804324683772407,-21.50245638457014
16.449922,0.5,-20.664698343612862,-21.362830044410593
16.499972999999997,0.5,-20.664698343612862,-21.50245638457014
16.549955999999995,0.5,-20.804324683772407,-21.50245638457014
16.600039999999993,0.5,-20.804324683772407,-21.642082724729686
16.650014,0.5,-20.804324683772407,-21.50245638457014
16.699928,0.5,-20.804324683772407,-21.642082724729686
16.749933,0.5,-20.943951023931955,-21.50245638457014
16.800039999999996,0.5,-20.943951023931955,-21.78170906488923
16.849975,0.5,-20.943951023931955,-21.642082724729686
16.899969,0.5,-20.804324683772407,-21.642082724729686
16.949971000000005,0.5,-20.943951023931955,-21.78170906488923
17.000006,0.0,-20.804324683772407,-21.642082724729686
17.049978999999993,0.0,-16.755160819145562,-18.43067690106012
17.100000999999992,0.0,-9.354964790689605,-12.426744274199628
17.149987999999993,0.0,-2.6529004630313806,-6.981317007977318
17.199956999999998,0.0,0.0,-2.0943951023931953
17.249959000000004,0.0,0.0,0.0
17.29992899999999,0.0,0.0,0.0
17.349923000000004,0.0,0.0,0.0
17.399967000000004,0.0,0.0,0.0
17.449955000000003,0.0,0.0,0.0
17.500040999999996,0.0,0.0,0.0
17.550048000000004,0.0,0.0,0.0
17.599925999999996,0.0,0.0,0.0
17.649918999999997,0.0,0.0,0.0
17.700013999999996,0.0,0.0,0.0
17.749978,0.0,0.0,0.0
17.799927999999994,0.0,0.0,0.0
17.849934000000005,0.0,0.0,0.0
17.899930999999995,0.0,0.0,0.0
17.950023,0.0,0.0,0.0
17.999994,0.0,0.0,0.0
18.049992000000003,0.0,0.0,0.0
18.09993,0.0,0.0,0.0
18.150023000000004,0.0,0.0,0.0
18.199947999999992,0.0,0.0,0.0
18.250035999999994,0.0,0.0,0.0
18.299936000000002,0.0,0.0,0.0
18.349998,0.0,0.0,0.0
18.399997999999997,0.0,0.0,0.0
18.449984,0.0,0.0,0.0
18.499954000000002,0.0,0.0,0.0
18.549924000000004,0.0,0.0,0.0
18.59997299999999,0.0,0.0,0.0
18.650081,0.0,0.0,0.0
18.700005000000004,0.0,0.0,0.0
18.749966,0.0,0.0,0.0
18.799932,0.0,0.0,0.0
18.849954999999994,0.0,0.0,0.0
18.900014999999996,0.0,0.0,0.0
18.949951,0.0,0.0,0.0
18.999983,0.0,0.0,0.0
19.049971999999997,0.0,0.0,0.0
19.100090999999992,0.0,0.0,0.0
19.150029000000004,0.0,0.0,0.0
19.199945,0.0,0.0,0.0
19.249971000000002,0.0,0.0,0.0
19.300012999999993,0.0,0.0,0.0
19.349943999999994,0.0,0.0,0.0
19.399976999999993,0.0,0.0,0.0
19.449969999999993,0.0,0.0,0.0
19.499944,0.0,0.0,0.0
19.550009000000003,0.0,0.0,0.0
19.599998999999997,0.0,0.0,0.0
19.649935999999997,0.0,0.0,0.0
19.699951,0.0,0.0,0.0
19.750032000000004,0.0,0.0,0.0
19.799988999999997,0.0,0.0,0.0
19.850041000000004,0.0,0.0,0.0
19.899924,0.0,0.0,0.0
19.950012,0.0,0.0,0.0
19.999961,0.0,0.0,0.0
20.049952000000005,0.0,0.0,0.0
20.099948999999995,0.0,0.0,0.0
20.149984000000003,0.0,0.0,0.0
20.200018,0.0,0.0,0.0
20.249934999999994,0.0,0.0,0.0
20.300004,0.0,0.0,0.0
20.349925999999996,0.0,0.0,0.0
20.39998299999999,0.0,0.0,0.0
20.450001,0.0,0.0,0.0
20.499955,0.0,0.0,0.0
20.549972999999994,0.0,0.0,0.0
20.599952000000002,0.0,0.0,0.0
20.649981999999994,0.0,0.0,0.0
20.699963999999994,0.0,0.0,0.0
20.749978999999996,0.0,0.0,0.0
20.799932,0.0,0.0,0.0
20.849965999999995,0.0,0.0,0.0
20.899974999999998,0.0,0.0,0.0
20.949922,0.0,0.0,0.0
20.999927,0.5,0.0,0.0
21.049994999999996,0.5,-10.611601852125522,-9.913470151327791
21.099983999999992,0.5,-18.291050560900576,-18.151424220741028
21.150054999999995,0.5,-19.826940302655583,-20.24581932313422
21.200006000000002,0.5,-20.24581932313422,-20.804324683772407
21.249974999999992,0.5,-20.24581932313422,-21.0835773640915
21.299997000000005,0.5,-20.525072003453317,-21.362830044410593
21.35006,0.5,-20.525072003453317,-21.50245638457014
21.400008999999997,0.5,-20.525072003453317,-21.50245638457014
21.449968999999996,0.5,-20.664698343612862,-21.50245638457014
21.499976000000004,0.5,-20.664698343612862,-21.78170906488923
21.54991799999999,0.5,-20.525072003453317,-21.362830044410593
21.600053000000003,0.5,-20.804324683772407,-21.642082724729686
21.649968,0.5,-20.664698343612862,-21.50245638457014
21.699944000000002,0.5,-20.804324683772407,-21.642082724729686
21.749949,0.5,-20.804324683772407,-21.642082724729686
21.800039999999996,0.5,-20.804324683772407,-21.642082724729686
21.84997299999999,0.5,-20.804324683772407,-21.50245638457014
21.899952,0.5,-20.943951023931955,-21.642082724729686
21.949956999999998,0.5,-20.943951023931955,-21.642082724729686
21.999917999999994,0.0,-20.664698343612862,-21.78170906488923
22.049988,0.0,-16.615534478986017,-18.43067690106012
22.100013000000004,0.0,-9.21533845053006,-12.426744274199628
22.149964999999995,0.0,-2.6529004630313806,-6.981317007977318
22.19993699999999,0.0,0.0,-1.9547687622336491
22.249955,0.0,0.0,0.0
22.299977,0.0,0.0,0.0
22.349975,0.0,0.0,0.0
22.399928000000003,0.0,0.0,0.0
22.449967,0.0,0.0,0.0
22.500075999999993,0.0,0.0,0.0
22.550045999999995,0.0,0.0,0.0
22.599958,0.0,0.0,0.0
22.649946,0.0,0.0,0.0
22.699943000000005,0.0,0.0,0.0
22.749970000000005,0.0,0.0,0.0
22.799977999999996,0.0,0.0,0.0
22.849976999999996,0.0,0.0,0.0
22.899934000000002,0.0,0.0,0.0
22.950017000000003,0.0,0.0,0.0
23.000030999999993,0.0,0.0,0.0
23.04991799999999,0.0,0.0,0.0
23.099914999999996,0.0,0.0,0.0
23.149942999999993,0.0,0.0,0.0
23.199951,0.0,0.0,0.0
23.249966,0.0,0.0,0.0
23.299971999999997,0.0,0.0,0.0
23.349925,0.0,0.0,0.0
23.400003999999996,0.0,0.0,0.0
23.449940999999995,0.0,0.0,0.0
23.499949,0.0,0.0,0.0
23.549966999999995,0.0,0.0,0.0
23.599996000000004,0.0,0.0,0.0
23.649941,0.0,0.0,0.0
23.699922,0.0,0.0,0.0
23.749988000000002,0.0,0.0,0.0
23.79991799999999,0.0,0.0,0.0
23.849999999999994,0.0,0.0,0.0
23.899962000000002,0.0,0.0,0.0
23.949961000000002,0.0,0.0,0.0
23.999971000000002,0.0,0.0,0.0
24.049948999999998,0.0,0.0,0.0
24.099948999999995,0.0,0.0,0.0
24.149947999999995,0.0,0.0,0.0
24.199924999999993,0.0,0.0,0.0
24.249995999999996,0.0,0.0,0.0
24.299986000000004,0.0,0.0,0.0
24.349997000000002,0.0,0.0,0.0
24.399963,0.0,0.0,0.0
24.44991999999999,0.0,0.0,0.0
24.499983,0.0,0.0,0.0
24.549942,0.0,0.0,0.0
24.600026999999997,0.0,0.0,0.0
24.649969999999996,0.0,0.0,0.0
24.699968,0.0,0.0,0.0
24.749967999999996,0.0,0.0,0.0
24.799925,0.0,0.0,0.0
24.849924,0.0,0.0,0.0
24.899944000000005,0.0,0.0,0.0
24.949961000000002,0.0,0.0,0.0
25.000034,0.0,0.0,0.0
25.050029999999992,0.0,0.0,0.0
25.099985000000004,0.0,0.0,0.0
25.149946,0.0,0.0,0.0
25.199957999999995,0.0,0.0,0.0
25.249976000000004,0.0,0.0,0.0
25.299977999999996,0.0,0.0,0.0
25.349921999999992,0.0,0.0,0.0
25.399951,0.0,0.0,0.0
25.450081999999995,0.0,0.0,0.0
25.500034999999997,0.0,0.0,0.0
25.549932999999996,0.0,0.0,0.0
25.599947,0.0,0.0,0.0
25.649951,0.0,0.0,0.0
25.699945,0.0,0.0,0.0
25.749954000000002,0.0,0.0,0.0
25.799959,0.0,0.0,0.0
25.849925,0.0,0.0,0.0
25.900042999999997,0.0,0.0,0.0
25.949966000000003,0.0,0.0,0.0
25.999940999999993,0.0,0.0,0.0
26.049983999999995,0.0,0.0,0.0
26.099940000000004,0.0,0.0,0.0
26.149941999999996,0.0,0.0,0.0
26.199926000000005,0.0,0.0,0.0
26.249953000000005,0.0,0.0,0.0
26.299998000000002,0.0,0.0,0.0
26.350011999999992,0.0,0.0,0.0
26.399961000000005,0.0,0.0,0.0
26.449958999999993,0.0,0.0,0.0
26.499972,0.0,0.0,0.0
26.55001,0.0,0.0,0.0
26.599949999999993,0.0,0.0,0.0
26.649969999999996,0.0,0.0,0.0
26.699971000000005,0.0,0.0,0.0
26.749917999999994,0.0,0.0,0.0
26.800009000000003,0.0,0.0,0.0
26.849992,0.0,0.0,0.0
26.899986999999996,0.0,0.0,0.0
26.949986999999993,0.0,0.0,0.0
27.000004000000004,0.5,0.0,0.0
27.049943,0.5,-10.611601852125522,-10.053096491487338
27.100026999999997,0.5,-18.43067690106012,-18.151424220741028
27.149985,0.5,-19.826940302655583,-20.106192982974676
27.199973999999997,0.5,-20.24581932313422,-20.664698343612862
27.250011,0.5,-20.525072003453317,-21.223203704251045
27.299933999999993,0.5,-20.38544566329377,-21.223203704251045
27.34995599999999,0.5,-20.664698343612862,-21.362830044410593
27.399959999999993,0.5,-20.664698343612862,-21.362830044410593
27.450028000000003,0.5,-20.664698343612862,-21.362830044410593
27.499942000000004,0.5,-20.664698343612862,-21.362830044410593
27.550009000000003,0.5,-20.804324683772407,-21.50245638457014
27.599948999999995,0.5,-20.664698343612862,-21.50245638457014
27.650001000000003,0.5,-20.804324683772407,-21.50245638457014
27.700013999999996,0.5,-20.804324683772407,-21.642082724729686
27.749945999999994,0.5,-20.804324683772407,-21.50245638457014
27.799972999999994,0.5,-20.804324683772407,-21.642082724729686
27.849948999999995,0.5,-20.943951023931955,-21.50245638457014
27.900025,0.5,-20.804324683772407,-21.50245638457014
27.949934,0.5,-20.664698343612862,-21.50245638457014
27.99991899999999,0.5,-20.804324683772407,-21.642082724729686
28.05003599999999,0.0,-20.804324683772407,-21.642082724729686
28.099975,0.0,-16.755160819145562,-18.43067690106012
28.150024000000002,0.0,-9.494591130849154,-12.566370614359172
28.199979,0.0,-2.792526803190927,-6.841690667817772
28.249985999999993,0.0,0.0,-2.0943951023931953
28.299983999999995,0.0,0.0,0.0
28.350026999999997,0.0,0.0,0.0
28.399935,0.0,0.0,0.0
28.450028000000003,0.0,0.0,0.0
28.499971000000002,0.0,0.0,0.0
28.549987,0.0,0.0,0.0
28.600014,0.0,0.0,0.0
28.649963999999997,0.0,0.0,0.0
28.699962999999997,0.0,0.0,0.0
28.74994699999999,0.0,0.0,0.0
28.800017999999994,0.0,0.0,0.0
28.849991000000003,0.0,0.0,0.0
28.900019,0.0,0.0,0.0
28.949921000000003,0.0,0.0,0.0
28.999995,0.0,0.0,0.0
29.050089999999997,0.0,0.0,0.0
29.099980000000002,0.0,0.0,0.0
29.149974999999998,0.0,0.0,0.0
29.199924999999993,0.0,0.0,0.0
29.249965000000003,0.0,0.0,0.0
29.299959,0.0,0.0,0.0
29.349981999999997,0.0,0.0,0.0
29.399924,0.0,0.0,0.0
29.449996999999996,0.0,0.0,0.0
29.49996399999999,0.0,0.0,0.0
29.550006999999994,0.0,0.0,0.0
29.599919,0.0,0.0,0.0
29.649984000000003,0.0,0.0,0.0
29.699952999999994,0.0,0.0,0.0
29.750045999999998,0.0,0.0,0.0
29.800017999999994,0.0,0.0,0.0
29.849988999999994,0.0,0.0,0.0
29.899958999999996,0.0,0.0,0.0
29.949939999999998,0.0,0.0,0.0
30.000000999999997,0.5,0.0,0.0
30.049981000000002,0.5,-10.890854532444616,-10.053096491487338
30.099987999999996,0.5,-18.43067690106012,-18.151424220741028
30.149957,0.5,-19.687313962496034,-20.24581932313422
30.200047999999995,0.5,-20.24581932313422,-21.0835773640915
30.249989999999997,0.5,-20.24581932313422,-21.0835773640915
30.299965999999998,0.5,-20.38544566329377,-21.362830044410593
30.349947999999998,0.5,-20.525072003453317,-21.50245638457014
30.400057000000004,0.5,-20.664698343612862,-21.50245638457014
30.449986999999993,0.5,-20.664698343612862,-21.362830044410593
30.499940999999993,0.5,-20.664698343612862,-21.642082724729686
30.549916999999994,0.5,-20.664698343612862,-21.50245638457014
30.599936999999997,0.5,-20.664698343612862,-21.50245638457014
30.650027999999992,0.5,-20.804324683772407,-21.50245638457014
30.69999899999999,0.5,-20.804324683772407,-21.50245638457014
30.749972999999997,0.5,-20.804324683772407,-21.50245638457014
30.799969000000004,0.5,-20.804324683772407,-21.642082724729686
30.85001799999999,0.5,-20.943951023931955,-21.642082724729686
30.899952999999996,0.5,-20.804324683772407,-21.50245638457014
30.949969999999993,0.5,-20.804324683772407,-21.642082724729686
30.999971000000002,0.5,-20.804324683772407,-21.362830044410593
31.049988999999997,0.5,-20.943951023931955,-21.50245638457014
31.100043999999997,0.5,-20.804324683772407,-21.362830044410593
31.150066999999993,0.5,-20.804324683772407,-21.50245638457014
31.199946999999995,0.5,-20.804324683772407,-21.50245638457014
31.249942000000004,0.5,-20.804324683772407,-21.50245638457014
31.300034999999994,0.5,-20.804324683772407,-21.642082724729686
31.349987,0.5,-20.943951023931955,-21.642082724729686
31.399984000000003,0.5,-20.804324683772407,-21.642082724729686
31.449979,0.5,-20.943951023931955,-21.50245638457014
31.499970000000005,0.5,-20.943951023931955,-21.642082724729686
31.550055999999998,0.5,-20.943951023931955,-21.642082724729686
31.600000999999992,0.5,-20.943951023931955,-21.50245638457014
31.649950000000004,0.5,-20.943951023931955,-21.642082724729686
31.699984,0.5,-20.804324683772407,-21.50245638457014
31.750033000000002,0.5,-20.943951023931955,-21.642082724729686
31.799999,0.5,-20.943951023931955,-21.642082724729686
31.849926999999994,0.5,-20.943951023931955,-21.642082724729686
31.899919999999995,0.5,-20.943951023931955,-21.642082724729686
31.949956,0.5,-21.0835773640915,-21.78170906488923
32.000044,0.5,-20.943951023931955,-21.78170906488923
32.049989999999994,0.5,-20.943951023931955,-21.642082724729686
32.09996699999999,0.5,-20.943951023931955,-21.642082724729686
32.14998799999999,0.5,-20.804324683772407,-21.642082724729686
32.199944,0.5,-20.943951023931955,-21.642082724729686
32.24997499999999,0.5,-21.0835773640915,-21.642082724729686
32.299983,0.5,-20.943951023931955,-21.78170906488923
32.349912,0.5,-20.943951023931955,-21.78170906488923
32.39994899999999,0.5,-21.0835773640915,-21.78170906488923
32.450047,0.5,-21.0835773640915,-21.78170906488923
32.499962,0.5,-20.943951023931955,-21.78170906488923
32.549910999999994,0.5,-20.943951023931955,-21.78170906488923
32.599987999999996,0.5,-21.0835773640915,-21.78170906488923
32.650029,0.5,-20.943951023931955,-21.921335405048776
32.699968999999996,0.5,-21.0835773640915,-21.78170906488923
32.749956999999995,0.5,-20.943951023931955,-21.921335405048776
32.799989,0.5,-21.0835773640915,-21.642082724729686
32.849951000000004,0.5,-20.943951023931955,-21.78170906488923
32.900025,0.5,-21.0835773640915,-21.78170906488923
32.949957,0.5,-20.943951023931955,-21.642082724729686
32.999944,0.0,-20.943951023931955,-21.78170906488923
33.049966999999995,0.0,-16.89478715930511,-18.570303241219666
33.099934000000005,0.0,-9.634217471008698,-12.566370614359172
33.149962,0.0,-2.9321531433504737,-7.120943348136864
33.199915000000004,0.0,0.0,-1.9547687622336491
33.24992,0.0,0.0,0.0
33.300000999999995,0.0,0.0,0.0
33.35001,0.0,0.0,0.0
33.399958999999996,0.0,0.0,0.0
33.44997599999999,0.0,0.0,0.0
33.499971,0.0,0.0,0.0
33.550006999999994,0.0,0.0,0.0
33.600081,0.0,0.0,0.0
33.650048999999996,0.0,0.0,0.0
33.699957999999995,0.0,0.0,0.0
33.749956,0.0,0.0,0.0
33.79997899999999,0.0,0.0,0.0
33.85000099999999,0.0,0.0,0.0
33.899984,0.0,0.0,0.0
33.949934999999996,0.0,0.0,0.0
34.000012999999996,0.0,0.0,0.0
34.050116,0.5,0.0,0.0
34.10003999999999,0.5,-10.611601852125522,-9.913470151327791
34.149958999999996,0.5,-18.291050560900576,-18.151424220741028
34.199985,0.5,-19.96656664281513,-20.24581932313422
34.249989,0.5,-20.38544566329377,-21.0835773640915
34.299977999999996,0.5,-20.525072003453317,-21.362830044410593
34.34997299999999,0.5,-20.804324683772407,-21.50245638457014
34.399962,0.5,-20.804324683772407,-21.50245638457014
34.449989,0.5,-20.943951023931955,-21.642082724729686
34.500063999999995,0.5,-20.943951023931955,-21.642082724729686
34.550026,0.5,-20.943951023931955,-21.642082724729686
34.599926999999994,0.5,-20.804324683772407,-21.642082724729686
34.64994299999999,0.5,-20.943951023931955,-21.78170906488923
34.69996499999999,0.5,-20.943951023931955,-21.642082724729686
34.75001399999999,0.5,-20.943951023931955,-21.78170906488923
34.799983999999995,0.5,-20.943951023931955,-21.642082724729686
34.84991599999999,0.5,-21.0835773640915,-21.642082724729686
34.899981999999994,0.5,-21.0835773640915,-21.642082724729686
34.95007199999999,0.5,-20.943951023931955,-21.78170906488923
35.00001999999999,0.5,-21.0835773640915,-21.78170906488923
35.049960999999996,0.5,-20.943951023931955,-21.78170906488923
35.099971999999994,0.5,-20.943951023931955,-21.642082724729686
35.14995499999999,0.5,-21.0835773640915,-21.642082724729686
35.199968999999996,0.5,-20.943951023931955,-21.642082724729686
35.249973999999995,0.5,-20.943951023931955,-21.78170906488923
35.29997399999999,0.5,-20.943951023931955,-21.642082724729686
35.349963,0.5,-21.0835773640915,-21.78170906488923
35.400051000000005,0.5,-20.943951023931955,-21.78170906488923
35.449963999999994,0.5,-20.943951023931955,-21.78170906488923
35.499928999999995,0.5,-21.0835773640915,-21.78170906488923
35.549924000000004,0.5,-20.943951023931955,-21.78170906488923
35.60005099999999,0.5,-21.0835773640915,-21.78170906488923
35.649981999999994,0.5,-21.0835773640915,-21.78170906488923
35.699927,0.5,-20.943951023931955,-21.78170906488923
35.749976000000004,0.5,-21.0835773640915,-21.78170906488923
35.800009,0.5,-20.943951023931955,-21.78170906488923
35.850003,0.5,-21.0835773640915,-21.78170906488923
35.89996599999999,0.5,-21.0835773640915,-21.78170906488923
35.949922,0.5,-21.0835773640915,-21.78170906488923
35.999984,0.0,-21.0835773640915,-21.921335405048776
36.04994599999999,0.0,-17.174039839624204,-18.70992958137921
36.099925999999996,0.0,-9.913470151327791,-12.845623294678264
36.202383,0.0,-3.6302848441482056,-9.634217471008698
36.249956,0.0,0.0,0.0
36.300021,0.0,0.0,0.0
36.349979000000005,0.0,0.0,0.0
36.399953,0.0,0.0,0.0
36.449951999999996,0.0,0.0,0.0
36.50001,0.0,0.0,0.0
36.54999599999999,0.0,0.0,0.0
36.599953,0.0,0.0,0.0
36.649967000000004,0.0,0.0,0.0
36.69993099999999,0.0,0.0,0.0
36.74999,0.0,0.0,0.0
36.799938,0.0,0.0,0.0
36.84993299999999,0.0,0.0,0.0
36.899923,0.0,0.0,0.0
36.94991999999999,0.0,0.0,0.0
36.999978999999996,0.0,0.0,0.0
37.050003000000004,0.0,0.0,0.0
37.099931,0.0,0.0,0.0
37.149979,0.0,0.0,0.0
37.200045,0.0,0.0,0.0
37.249978,0.0,0.0,0.0
37.299919,0.0,0.0,0.0
37.349965999999995,0.0,0.0,0.0
37.39993199999999,0.0,0.0,0.0
37.450036999999995,0.0,0.0,0.0
37.499966,0.0,0.0,0.0
37.549992,0.0,0.0,0.0
37.599957,0.0,0.0,0.0
37.65003299999999,0.0,0.0,0.0
37.699926000000005,0.0,0.0,0.0
37.74993599999999,0.0,0.0,0.0
37.799935000000005,0.0,0.0,0.0
37.849917000000005,0.0,0.0,0.0
37.899986,0.0,0.0,0.0
37.94998,0.0,0.0,0.0
37.999993,0.0,0.0,0.0
38.049935000000005,0.0,0.0,0.0
38.100047,0.0,0.0,0.0
38.149962,0.0,0.0,0.0
38.199918999999994,0.0,0.0,0.0
38.24996,0.0,0.0,0.0
38.299927999999994,0.0,0.0,0.0
38.350024000000005,0.0,0.0,0.0
38.400007,0.0,0.0,0.0
38.449918999999994,0.0,0.0,0.0
38.499978,0.0,0.0,0.0
38.55001,0.0,0.0,0.0
38.59994999999999,0.0,0.0,0.0
38.649947,0.0,0.0,0.0
38.699963999999994,0.0,0.0,0.0
38.74991899999999,0.0,0.0,0.0
38.8,0.0,0.0,0.0
38.849923000000004,0.0,0.0,0.0
38.899953999999994,0.0,0.0,0.0
38.949945,0.0,0.0,0.0
38.999950999999996,0.5,0.0,0.0
39.049961999999994,0.5,-10.75122819228507,-9.773843811168245
39.09993899999999,0.5,-18.570303241219666,-18.151424220741028
39.149957,0.5,-20.106192982974676,-20.38544566329377
39.20000399999999,0.5,-20.38544566329377,-20.943951023931955
39.24999,0.5,-20.525072003453317,-21.223203704251045
39.29997899999999,0.5,-20.804324683772407,-21.50245638457014
39.349925,0.5,-20.804324683772407,-21.362830044410593
39.399935,0.5,-20.943951023931955,-21.642082724729686
39.449968999999996,0.5,-20.943951023931955,-21.50245638457014
39.50007599999999,0.5,-21.0835773640915,-21.642082724729686
39.549959,0.5,-20.943951023931955,-21.50245638457014
39.599963,0.5,-21.0835773640915,-21.50245638457014
39.649933000000004,0.5,-20.943951023931955,-21.642082724729686
39.699945,0.5,-21.0835773640915,-21.50245638457014
39.750001,0.5,-21.0835773640915,-21.642082724729686
39.799944999999994,0.5,-20.943951023931955,-21.642082724729686
39.84992199999999,0.5,-21.0835773640915,-21.50245638457014
39.899929,0.5,-20.943951023931955,-21.642082724729686
39.950035,0.5,-21.0835773640915,-21.362830044410593
39.999999,0.5,-21.0835773640915,-21.50245638457014
40.049983999999995,0.5,-21.0835773640915,-21.50245638457014
40.099935,0.5,-21.0835773640915,-21.50245638457014
40.149944000000005,0.5,-21.0835773640915,-21.642082724729686
40.199933,0.5,-21.223203704251045,-21.50245638457014
40.24998099999999,0.5,-21.0835773640915,-21.642082724729686
40.29991199999999,0.5,-21.0835773640915,-21.50245638457014
40.349929,0.5,-21.0835773640915,-21.78170906488923
40.40003299999999,0.5,-20.943951023931955,-21.642082724729686
40.449994000000004,0.5,-21.0835773640915,-21.642082724729686
40.499982,0.5,-20.943951023931955,-21.78170906488923
40.549959,0.5,-20.943951023931955,-21.50245638457014
40.600024000000005,0.5,-21.0835773640915,-21.78170906488923
40.649962,0.5,-20.943951023931955,-21.642082724729686
40.700022000000004,0.5,-21.0835773640915,-21.642082724729686
40.749970000000005,0.5,-21.0835773640915,-21.78170906488923
40.79991799999999,0.5,-21.0835773640915,-21.78170906488923
40.850009,0.5,-21.0835773640915,-21.78170906488923
40.899936999999994,0.5,-20.943951023931955,-21.78170906488923
40.94995,0.5,-21.0835773640915,-21.78170906488923
40.99996399999999,0.5,-20.943951023931955,-21.921335405048776
41.049987,0.5,-21.0835773640915,-21.921335405048776
41.099992,0.5,-21.0835773640915,-21.78170906488923
41.149950000000004,0.5,-20.943951023931955,-21.78170906488923
41.199960000000004,0.5,-21.223203704251045,-21.78170906488923
41.249934999999994,0.5,-21.0835773640915,-21.642082724729686
41.300034,0.5,-21.223203704251045,-21.642082724729686
41.349971999999994,0.5,-21.0835773640915,-21.642082724729686
41.39993799999999,0.5,-21.0835773640915,-21.78170906488923
41.449955,0.5,-20.943951023931955,-21.78170906488923
41.500033,0.5,-21.0835773640915,-21.921335405048776
41.549977,0.5,-20.943951023931955,-21.78170906488923
41.599953,0.5,-21.223203704251045,-21.78170906488923
41.649913,0.5,-20.943951023931955,-21.78170906488923
41.69998699999999,0.5,-21.223203704251045,-21.78170906488923
41.749983,0.5,-21.0835773640915,-21.921335405048776
41.799938999999995,0.5,-21.0835773640915,-21.78170906488923
41.849952,0.5,-21.0835773640915,-21.642082724729686
41.899958999999996,0.5,-21.0835773640915,-21.78170906488923
41.949985999999996,0.5,-21.0835773640915,-21.78170906488923
42.000062,0.5,-20.943951023931955,-21.78170906488923
42.049914,0.5,-20.943951023931955,-21.78170906488923
42.099963,0.5,-20.943951023931955,-21.78170906488923
42.149981999999994,0.5,-20.943951023931955,-21.78170906488923
42.199991,0.5,-21.0835773640915,-21.78170906488923
42.249971,0.5,-21.0835773640915,-21.78170906488923
42.29995699999999,0.5,-20.943951023931955,-21.642082724729686
42.349957,0.5,-21.223203704251045,-21.78170906488923
42.399969,0.5,-21.0835773640915,-21.78170906488923
42.450058999999996,0.5,-21.0835773640915,-21.921335405048776
42.50001,0.5,-21.0835773640915,-21.78170906488923
42.549932,0.5,-21.223203704251045,-21.78170906488923
42.599934000000005,0.5,-21.0835773640915,-21.921335405048776
42.649944000000005,0.5,-21.0835773640915,-21.78170906488923
42.699960000000004,0.5,-21.223203704251045,-21.642082724729686
42.749989,0.5,-21.0835773640915,-21.78170906488923
42.799983999999995,0.5,-21.0835773640915,-21.78170906488923
42.84997,0.5,-21.223203704251045,-21.921335405048776
42.90003299999999,0.5,-21.0835773640915,-21.921335405048776
42.94999899999999,0.5,-20.943951023931955,-21.921335405048776
42.99992999999999,0.5,-21.0835773640915,-21.78170906488923
43.049952000000005,0.5,-20.943951023931955,-21.78170906488923
43.099952,0.5,-21.0835773640915,-21.921335405048776
43.149995000000004,0.5,-21.0835773640915,-21.921335405048776
43.199968,0.5,-21.0835773640915,-21.921335405048776
43.249967,0.5,-21.223203704251045,-22.060961745208324
43.299926,0.5,-21.0835773640915,-21.78170906488923
43.350014,0.5,-21.223203704251045,-21.921335405048776
43.399996,0.5,-21.0835773640915,-21.921335405048776
43.449929999999995,0.5,-21.223203704251045,-21.921335405048776
43.499965,0.5,-21.0835773640915,-21.921335405048776
43.550025000000005,0.5,-21.0835773640915,-21.78170906488923
43.599948,0.5,-20.943951023931955,-21.78170906488923
43.649953,0.5,-21.223203704251045,-21.921335405048776
43.699944,0.5,-21.0835773640915,-21.921335405048776
43.74998599999999,0.5,-21.0835773640915,-21.78170906488923
43.80001299999999,0.5,-21.0835773640915,-21.921335405048776
43.849999999999994,0.5,-21.0835773640915,-21.78170906488923
43.899918,0.5,-21.0835773640915,-21.78170906488923
43.949951999999996,0.5,-21.223203704251045,-21.921335405048776
43.99993599999999,0.5,-21.0835773640915,-21.78170906488923
44.050071,0.0,-21.223203704251045,-21.921335405048776
44.10002299999999,0.0,-17.31366617978375,-18.84955592153876
44.149953,0.0,-10.053096491487338,-12.98524963483781
44.19998699999999,0.0,-3.6302848441482056,-7.5398223686155035
44.250005,0.0,0.0,-2.6529004630313806
44.29993,0.0,0.0,0.0
44.349954999999994,0.0,0.0,0.0
44.399970999999994,0.0,0.0,0.0
44.45,0.0,0.0,0.0
44.499932,0.0,0.0,0.0
44.549944999999994,0.0,0.0,0.0
44.599979000000005,0.0,0.0,0.0
44.650002,0.0,0.0,0.0
44.699994000000004,0.0,0.0,0.0
44.749949,0.0,0.0,0.0
44.799927,0.0,0.0,0.0
44.849959,0.0,0.0,0.0
44.90001699999999,0.0,0.0,0.0
44.949968,0.0,0.0,0.0
44.999987000000004,0.0,0.0,0.0
45.04997899999999,0.0,0.0,0.0
45.099957,0.0,0.0,0.0
45.15003299999999,0.0,0.0,0.0
45.200017,0.0,0.0,0.0
45.249993,0.0,0.0,0.0
45.299976,0.0,0.0,0.0
45.35005199999999,0.0,0.0,0.0
45.399984,0.0,0.0,0.0
45.449929,0.0,0.0,0.0
45.499956,0.0,0.0,0.0
45.549941000000004,0.0,0.0,0.0
45.600032999999996,0.0,0.0,0.0
45.650009999999995,0.0,0.0,0.0
45.699961,0.0,0.0,0.0
45.749962999999994,0.0,0.0,0.0
45.800031000000004,0.0,0.0,0.0
45.850008,0.0,0.0,0.0
45.900018,0.0,0.0,0.0
45.949946999999995,0.0,0.0,0.0
45.999921,0.0,0.0,0.0
46.050094,0.0,0.0,0.0
46.099953,0.5,-9.634217471008698,-8.79645943005142
46.149963,0.5,-18.291050560900576,-18.01179788058148
46.199955,0.5,-20.24581932313422,-20.24581932313422
46.250034,0.5,-20.525072003453317,-21.0835773640915
46.299935000000005,0.5,-20.664698343612862,-21.223203704251045
46.34997,0.5,-20.804324683772407,-21.50245638457014
46.399939,0.5,-20.943951023931955,-21.362830044410593
46.449938,0.5,-20.804324683772407,-21.362830044410593
46.500017,0.5,-21.0835773640915,-21.50245638457014
46.550004,0.5,-20.943951023931955,-21.50245638457014
46.599931999999995,0.5,-20.943951023931955,-21.50245638457014
46.64998299999999,0.5,-21.0835773640915,-21.642082724729686
46.700008999999994,0.5,-21.0835773640915,-21.642082724729686
46.74993599999999,0.5,-20.943951023931955,-21.50245638457014
46.79991799999999,0.5,-21.0835773640915,-21.642082724729686
46.849934000000005,0.5,-21.0835773640915,-21.642082724729686
46.89998,0.5,-21.0835773640915,-21.78170906488923
46.95000999999999,0.5,-21.0835773640915,-21.642082724729686
47.00007599999999,0.5,-20.943951023931955,-21.78170906488923
47.049971,0.0,-21.0835773640915,-21.642082724729686
47.099959,0.0,-17.174039839624204,-18.70992958137921
47.15005599999999,0.0,-10.053096491487338,-12.845623294678264
47.19995,0.0,-3.7699111843077517,-7.400196028455957
47.249956,0.0,0.0,-2.3736477827122884
47.299986000000004,0.0,0.0,0.0
47.349985000000004,0.0,0.0,0.0
47.399992999999995,0.0,0.0,0.0
47.449952999999994,0.0,0.0,0.0
47.499961,0.0,0.0,0.0
47.54992899999999,0.0,0.0,0.0
47.599968000000004,0.0,0.0,0.0
47.64995999999999,0.0,0.0,0.0
47.699926000000005,0.0,0.0,0.0
47.74995,0.0,0.0,0.0
47.799982,0.0,0.0,0.0
47.849998,0.0,0.0,0.0
47.899933000000004,0.0,0.0,0.0
47.94998,0.0,0.0,0.0
47.99995,0.5,0.0,0.0
48.050049,0.5,-11.030480872604162,-10.192722831646885
48.099982999999995,0.5,-18.84955592153876,-18.291050560900576
48.150024,0.5,-20.106192982974676,-20.525072003453317
48.199923999999996,0.5,-20.664698343612862,-21.0835773640915
48.249993,0.5,-20.943951023931955,-21.362830044410593
48.299982,0.5,-20.943951023931955,-21.50245638457014
48.350007000000005,0.5,-20.943951023931955,-21.50245638457014
48.399956,0.5,-20.943951023931955,-21.50245638457014
48.449934999999996,0.5,-20.804324683772407,-21.50245638457014
48.49998599999999,0.5,-20.943951023931955,-21.642082724729686
48.550062999999994,0.5,-21.0835773640915,-21.78170906488923
48.599985000000004,0.5,-20.804324683772407,-21.642082724729686
48.649989000000005,0.5,-20.943951023931955,-21.642082724729686
48.69991999999999,0.5,-20.943951023931955,-21.78170906488923
48.749937,0.5,-20.943951023931955,-21.78170906488923
48.800005999999996,0.5,-21.0835773640915,-21.78170906488923
48.84997,0.5,-20.943951023931955,-21.78170906488923
48.899952,0.5,-21.0835773640915,-21.78170906488923
48.950005000000004,0.5,-20.943951023931955,-21.78170906488923
49.000001999999995,0.5,-21.0835773640915,-21.78170906488923
49.05002999999999,0.5,-21.0835773640915,-21.78170906488923
49.099954,0.5,-21.0835773640915,-21.921335405048776
49.149923,0.5,-21.0835773640915,-21.78170906488923
49.20004399999999,0.5,-21.0835773640915,-21.642082724729686
49.250006,0.5,-21.0835773640915,-21.78170906488923
49.299977999999996,0.5,-21.0835773640915,-21.78170906488923
49.349988999999994,0.5,-21.0835773640915,-21.78170906488923
49.399952,0.5,-20.943951023931955,-21.78170906488923
49.45005499999999,0.5,-21.0835773640915,-21.921335405048776
49.499993,0.5,-20.943951023931955,-21.78170906488923
49.549994,0.5,-20.943951023931955,-21.78170906488923
49.599968000000004,0.5,-21.0835773640915,-21.78170906488923
49.650058,0.5,-20.943951023931955,-21.921335405048776
49.69994,0.5,-20.943951023931955,-21.78170906488923
49.74996,0.5,-21.0835773640915,-21.921335405048776
49.79991699999999,0.5,-21.0835773640915,-21.78170906488923
49.84997799999999,0.5,-21.223203704251045,-22.060961745208324
49.900087,0.5,-21.0835773640915,-21.921335405048776
49.950008999999994,0.5,-21.0835773640915,-21.78170906488923
49.999932,0.5,-21.0835773640915,-21.78170906488923
50.04993,0.5,-21.0835773640915,-21.921335405048776
50.099976999999996,0.5,-21.0835773640915,-21.921335405048776
50.149936,0.5,-21.0835773640915,-21.921335405048776
50.199945,0.5,-21.223203704251045,-21.921335405048776
50.249942000000004,0.5,-21.0835773640915,-22.060961745208324
50.299983999999995,0.5,-21.0835773640915,-21.78170906488923
50.349929,0.5,-21.0835773640915,-22.060961745208324
50.399935,0.5,-21.0835773640915,-21.78170906488923
50.449935999999994,0.5,-21.0835773640915,-21.921335405048776
50.49999199999999,0.5,-21.0835773640915,-21.921335405048776
50.550017,0.5,-21.0835773640915,-22.060961745208324
50.60000599999999,0.5,-21.223203704251045,-21.921335405048776
50.649919999999995,0.5,-21.0835773640915,-21.78170906488923
50.699956,0.5,-21.223203704251045,-21.921335405048776
50.750034,0.5,-21.223203704251045,-21.921335405048776
50.800003000000004,0.5,-21.0835773640915,-21.921335405048776
50.85002,0.5,-21.223203704251045,-22.060961745208324
50.89997199999999,0.5,-21.0835773640915,-21.921335405048776
50.949923,0.5,-21.0835773640915,-21.921335405048776
51.00001,0.5,-21.223203704251045,-22.060961745208324
51.049977,0.5,-21.223203704251045,-21.921335405048776
51.099987,0.5,-21.0835773640915,-21.921335405048776
51.149918,0.5,-21.223203704251045,-21.921335405048776
51.200047,0.5,-21.223203704251045,-21.921335405048776
51.250006,0.5,-21.223203704251045,-21.921335405048776
51.299927999999994,0.5,-21.223203704251045,-21.78170906488923
51.34996699999999,0.5,-21.223203704251045,-22.060961745208324
51.399924999999996,0.5,-21.0835773640915,-21.921335405048776
51.450039000000004,0.5,-21.223203704251045,-21.921335405048776
51.499995,0.5,-21.0835773640915,-21.78170906488923
51.54992899999999,0.5,-21.0835773640915,-21.921335405048776
51.599974,0.5,-21.0835773640915,-21.78170906488923
51.65005599999999,0.5,-20.943951023931955,-22.060961745208324
51.69997599999999,0.5,-21.0835773640915,-21.921335405048776
51.749933,0.5,-21.0835773640915,-21.921335405048776
51.799980000000005,0.5,-21.223203704251045,-21.921335405048776
51.849941,0.5,-21.0835773640915,-21.921335405048776
51.90001699999999,0.5,-21.0835773640915,-22.060961745208324
51.949988000000005,0.5,-21.223203704251045,-21.78170906488923
51.999976000000004,0.5,-21.0835773640915,-21.921335405048776
52.05002,0.0,-21.223203704251045,-21.921335405048776
52.099937,0.0,-17.31366617978375,-18.989182261698307
52.149935,0.0,-10.192722831646885,-13.124875974997359
52.199946,0.0,-3.7699111843077517,-7.67944870877505
52.249945,0.0,-0.13962634015954636,-2.6529004630313806
52.30000199999999,0.0,0.0,0.0
52.35001199999999,0.0,0.0,0.0
52.399953999999994,0.0,0.0,0.0
52.449940999999995,0.0,0.0,0.0
52.499934999999994,0.0,0.0,0.0
52.549969000000004,0.0,0.0,0.0
52.600059,0.0,0.0,0.0
52.65001699999999,0.0,0.0,0.0
52.699934999999996,0.0,0.0,0.0
52.749926,0.0,0.0,0.0
52.799949999999995,0.0,0.0,0.0
52.84994999999999,0.0,0.0,0.0
52.899953,0.0,0.0,0.0
52.949934999999996,0.0,0.0,0.0
52.99992399999999,0.0,0.0,0.0
53.050073,0.0,0.0,0.0
53.100002,0.0,0.0,0.0
53.149924999999996,0.0,0.0,0.0
53.199978,0.0,0.0,0.0
53.249932,0.0,0.0,0.0
53.299989,0.0,0.0,0.0
53.34994499999999,0.0,0.0,0.0
53.399969999999996,0.0,0.0,0.0
53.449934999999996,0.0,0.0,0.0
53.500032000000004,0.0,0.0,0.0
53.550022999999996,0.0,0.0,0.0
53.599958,0.0,0.0,0.0
53.64993799999999,0.0,0.0,0.0
53.700035,0.0,0.0,0.0
53.750004000000004,0.0,0.0,0.0
53.799942,0.0,0.0,0.0
53.849982,0.0,0.0,0.0
53.899936999999994,0.0,0.0,0.0
53.950041999999996,0.0,0.0,0.0
54.000055,0.0,0.0,0.0
54.04991699999999,0.0,0.0,0.0
54.099987999999996,0.0,0.0,0.0
54.149939,0.0,0.0,0.0
54.199966,0.0,0.0,0.0
54.249962,0.0,0.0,0.0
54.299915999999996,0.0,0.0,0.0
54.349917000000005,0.0,0.0,0.0
54.400054999999995,0.0,0.0,0.0
54.503626999999994,0.0,0.0,0.0
54.549938999999995,0.0,0.0,0.0
54.599937999999995,0.0,0.0,0.0
54.65004999999999,0.0,0.0,0.0
54.70004399999999,0.0,0.0,0.0
54.74998099999999,0.0,0.0,0.0
54.799983,0.0,0.0,0.0
54.850021,0.0,0.0,0.0
54.89998799999999,0.0,0.0,0.0
54.949951999999996,0.0,0.0,0.0
54.999995999999996,0.5,0.0,0.0
55.04996,0.5,-10.75122819228507,-9.913470151327791
55.100048,0.5,-18.570303241219666,-18.291050560900576
55.149975999999995,0.5,-20.106192982974676,-20.106192982974676
55.199985999999996,0.5,-20.525072003453317,-21.0835773640915
55.249922999999995,0.5,-20.804324683772407,-21.223203704251045
55.299937,0.5,-20.804324683772407,-21.362830044410593
55.349936,0.5,-20.943951023931955,-21.50245638457014
55.399964999999995,0.5,-20.943951023931955,-21.642082724729686
55.449960000000004,0.5,-20.943951023931955,-21.50245638457014
55.499925000000005,0.5,-21.0835773640915,-21.50245638457014
55.550028,0.5,-20.943951023931955,-21.642082724729686
55.59998999999999,0.5,-21.0835773640915,-21.362830044410593
55.649975,0.5,-21.0835773640915,-21.50245638457014
55.699971000000005,0.5,-20.943951023931955,-21.50245638457014
55.750038,0.5,-21.0835773640915,-21.642082724729686
55.79995099999999,0.5,-21.0835773640915,-21.50245638457014
55.849952,0.5,-21.223203704251045,-21.642082724729686
55.899953999999994,0.5,-21.0835773640915,-21.642082724729686
55.949935999999994,0.5,-21.223203704251045,-21.642082724729686
55.999959000000004,0.5,-21.223203704251045,-21.78170906488923
56.050009,0.5,-21.223203704251045,-21.78170906488923
56.099987999999996,0.5,-21.223203704251045,-21.78170906488923
56.149933000000004,0.5,-21.0835773640915,-21.78170906488923
56.19999899999999,0.5,-21.223203704251045,-21.921335405048776
56.24993599999999,0.5,-21.0835773640915,-21.642082724729686
56.299936,0.5,-21.223203704251045,-21.642082724729686
56.349948,0.5,-21.0835773640915,-21.78170906488923
56.399984,0.5,-21.223203704251045,-21.921335405048776
56.449979,0.5,-21.0835773640915,-21.921335405048776
56.499933,0.5,-21.223203704251045,-21.78170906488923
56.549952000000005,0.5,-21.0835773640915,-21.921335405048776
56.599919,0.5,-21.0835773640915,-21.921335405048776
56.649964,0.5,-21.0835773640915,-21.921335405048776
56.700073,0.5,-21.223203704251045,-21.921335405048776
56.749972,0.5,-21.223203704251045,-21.78170906488923
56.799954,0.5,-21.0835773640915,-22.060961745208324
56.849993,0.5,-21.223203704251045,-21.78170906488923
56.899939,0.5,-21.0835773640915,-21.642082724729686
56.949946,0.5,-21.0835773640915,-21.921335405048776
56.999984,0.5,-21.223203704251045,-21.921335405048776
57.050065000000004,0.5,-21.223203704251045,-21.921335405048776
57.09998999999999,0.5,-21.0835773640915,-21.921335405048776
57.150047,0.5,-20.943951023931955,-22.060961745208324
57.200008999999994,0.5,-21.0835773640915,-21.921335405048776
57.249939999999995,0.5,-20.943951023931955,-21.921335405048776
57.299981,0.5,-21.223203704251045,-22.060961745208324
57.349942,0.5,-21.0835773640915,-21.921335405048776
57.40001099999999,0.5,-21.0835773640915,-22.060961745208324
57.44995899999999,0.5,-21.0835773640915,-21.921335405048776
57.499949,0.5,-21.0835773640915,-22.060961745208324
57.54991799999999,0.5,-21.223203704251045,-21.921335405048776
57.60002299999999,0.5,-21.0835773640915,-21.921335405048776
57.65004499999999,0.5,-21.0835773640915,-22.060961745208324
57.69999299999999,0.5,-21.0835773640915,-21.921335405048776
57.749950999999996,0.5,-21.0835773640915,-21.921335405048776
57.800022999999996,0.5,-21.223203704251045,-21.78170906488923
57.849947,0.5,-21.0835773640915,-21.921335405048776
57.899941,0.5,-21.0835773640915,-21.78170906488923
57.949949000000004,0.5,-21.223203704251045,-21.921335405048776
57.999921,0.5,-21.0835773640915,-21.921335405048776
58.050082,0.5,-21.223203704251045,-21.921335405048776
58.099981,0.5,-20.943951023931955,-21.78170906488923
58.149978000000004,0.5,-21.223203704251045,-21.921335405048776
58.199972,0.5,-21.223203704251045,-21.78170906488923
58.25005399999999,0.5,-21.223203704251045,-21.921335405048776
58.299931,0.5,-21.0835773640915,-21.921335405048776
58.34997,0.5,-21.0835773640915,-21.921335405048776
58.399934,0.5,-21.223203704251045,-21.78170906488923
58.44994199999999,0.5,-21.0835773640915,-21.921335405048776
58.500029,0.5,-21.223203704251045,-21.921335405048776
58.549969000000004,0.5,-21.223203704251045,-21.921335405048776
58.59992199999999,0.5,-21.223203704251045,-21.78170906488923
58.649919,0.5,-21.223203704251045,-21.921335405048776
58.699934999999996,0.5,-21.0835773640915,-21.921335405048776
58.74995,0.5,-21.223203704251045,-22.060961745208324
58.799966,0.5,-21.223203704251045,-21.921335405048776
58.849981,0.5,-21.223203704251045,-21.921335405048776
58.899916000000005,0.5,-21.0835773640915,-21.921335405048776
58.950025999999994,0.5,-21.223203704251045,-22.060961745208324
58.999948,0.5,-21.0835773640915,-21.921335405048776
59.05023799999999,0.5,-21.362830044410593,-22.060961745208324
59.099948,0.5,-21.0835773640915,-21.921335405048776
59.150031999999996,0.5,-21.223203704251045,-21.921335405048776
59.199949000000004,0.5,-21.0835773640915,-22.060961745208324
59.249931000000004,0.5,-21.223203704251045,-21.921335405048776
59.29993999999999,0.5,-21.0835773640915,-21.921335405048776
59.349979000000005,0.5,-21.223203704251045,-21.921335405048776
59.39999399999999,0.5,-21.0835773640915,-21.921335405048776
59.449957999999995,0.5,-21.223203704251045,-21.78170906488923
59.49996899999999,0.5,-21.223203704251045,-21.78170906488923
59.549959,0.5,-21.223203704251045,-22.060961745208324
59.600004999999996,0.5,-21.223203704251045,-21.921335405048776
59.65007299999999,0.5,-21.362830044410593,-22.060961745208324
59.70002699999999,0.5,-21.0835773640915,-21.921335405048776
59.74998599999999,0.5,-21.223203704251045,-22.060961745208324
59.799955,0.5,-20.943951023931955,-22.060961745208324
59.84993899999999,0.5,-21.0835773640915,-21.921335405048776
59.899984,0.5,-21.223203704251045,-21.921335405048776
59.949923,0.5,-21.0835773640915,-22.060961745208324
59.999921,0.5,-21.0835773640915,-21.921335405048776
60.050016,0.5,-21.0835773640915,-21.921335405048776
60.100069000000005,0.5,-21.223203704251045,-22.060961745208324
60.149961000000005,0.5,-21.0835773640915,-22.060961745208324
60.19993699999999,0.5,-21.223203704251045,-21.921335405048776
60.249916,0.5,-21.0835773640915,-21.921335405048776
60.29993,0.5,-21.223203704251045,-22.060961745208324
60.349974,0.5,-21.0835773640915,-22.060961745208324
60.400018,0.5,-21.223203704251045,-22.060961745208324
60.449966,0.5,-21.0835773640915,-22.060961745208324
60.499925000000005,0.5,-21.223203704251045,-22.060961745208324
60.550034999999994,0.5,-21.223203704251045,-22.060961745208324
60.599979000000005,0.5,-21.0835773640915,-22.200588085367873
60.64998,0.5,-21.362830044410593,-22.200588085367873
60.699974999999995,0.5,-21.0835773640915,-22.060961745208324
60.750012999999996,0.5,-21.223203704251045,-22.060961745208324
60.799988,0.5,-21.223203704251045,-21.921335405048776
60.85001,0.5,-21.223203704251045,-22.200588085367873
60.89994899999999,0.5,-21.0835773640915,-22.060961745208324
60.949994000000004,0.5,-21.223203704251045,-22.060961745208324
60.999939999999995,0.5,-21.0835773640915,-22.060961745208324
61.049971,0.5,-21.0835773640915,-22.060961745208324
61.09993,0.5,-21.223203704251045,-22.060961745208324
61.149961000000005,0.5,-21.223203704251045,-22.060961745208324
61.200008999999994,0.5,-21.0835773640915,-22.060961745208324
61.24991899999999,0.5,-21.0835773640915,-21.921335405048776
61.299925,0.5,-20.943951023931955,-22.060961745208324
61.349987,0.5,-21.0835773640915,-21.921335405048776
61.39998799999999,0.5,-21.0835773640915,-22.060961745208324
61.505369,0.5,-44.2615498305762,-46.49557127312894
61.549949,0.5,-18.70992958137921,-19.54768762233649
61.599954,0.5,-21.0835773640915,-22.060961745208324
61.649952,0.5,-21.0835773640915,-22.060961745208324
61.700047999999995,0.5,-21.0835773640915,-22.060961745208324
61.749995999999996,0.5,-21.0835773640915,-22.060961745208324
61.799937,0.5,-21.0835773640915,-21.921335405048776
61.84992799999999,0.5,-21.0835773640915,-22.060961745208324
61.900020999999995,0.5,-21.223203704251045,-22.060961745208324
61.949932000000004,0.5,-21.0835773640915,-21.921335405048776
62.000051,0.5,-21.223203704251045,-22.060961745208324
62.050027,0.0,-21.223203704251045,-21.921335405048776
62.099953,0.0,-17.31366617978375,-19.128808601857852
62.15002199999999,0.0,-10.332349171806431,-13.264502315156905
62.20002099999999,0.0,-3.9095375244672983,-7.958701389094142
62.249916999999996,0.0,0.0,-2.6529004630313806
62.299988,0.0,0.0,0.0
62.35002,0.0,0.0,0.0
62.399945,0.0,0.0,0.0
62.449922,0.0,0.0,0.0
62.499970000000005,0.0,0.0,0.0
62.549983999999995,0.0,0.0,0.0
62.599988999999994,0.0,0.0,0.0
62.649992,0.0,0.0,0.0
62.69994799999999,0.0,0.0,0.0
62.749950999999996,0.0,0.0,0.0
62.800004,0.0,0.0,0.0
62.849986,0.0,0.0,0.0
62.90002,0.0,0.0,0.0
62.949952999999994,0.0,0.0,0.0
62.99997499999999,0.0,0.0,0.0
