t,u,wl,wr
0.0,0.0,0.0,0.0
0.025007999999999697,0.0,0.0,0.0
0.04997500000000343,0.0,0.0,0.0
0.07510000000000616,0.0,0.0,0.0
0.09999000000000535,0.5,-1.9547687622336491,-1.6755160819145563
0.12498600000000692,0.5,-11.728612573401895,-11.170107212763709
0.14996500000000879,0.5,-17.31366617978375,-16.47590813882647
0.17503500000000827,0.5,-19.54768762233649,-19.268434942017397
0.199971000000005,0.5,-20.38544566329377,-20.664698343612862
0.22508200000000045,0.5,-21.223203704251045,-21.223203704251045
0.25010800000001154,0.5,-21.223203704251045,-21.78170906488923
0.2749900000000025,0.5,-21.223203704251045,-21.50245638457014
0.3000949999999989,0.5,-21.50245638457014,-22.060961745208324
0.3249849999999981,0.5,-21.223203704251045,-21.78170906488923
0.3500270000000114,0.5,-21.50245638457014,-21.78170906488923
0.3749770000000012,0.5,-21.223203704251045,-21.78170906488923
0.3999730000000028,0.5,-21.50245638457014,-22.060961745208324
0.4250120000000095,0.5,-21.223203704251045,-22.060961745208324
0.45004699999999787,0.5,-21.50245638457014,-22.060961745208324
0.474969999999999,0.5,-21.223203704251045,-21.78170906488923
0.5000380000000035,0.0,-21.223203704251045,-21.78170906488923
0.5250060000000047,0.0,-17.872171540421935,-18.989182261698307
0.5499850000000066,0.0,-14.800392056911914,-16.47590813882647
0.575130999999999,0.0,-11.728612573401895,-13.962634015954636
0.6001150000000024,0.5,-10.053096491487338,-12.28711793404008
0.6249700000000047,0.5,-15.638150097869193,-16.47590813882647
0.6499680000000012,0.5,-18.989182261698307,-19.268434942017397
0.6750410000000073,0.5,-20.38544566329377,-20.38544566329377
0.7000390000000039,0.5,-20.943951023931955,-21.223203704251045
0.7251090000000033,0.5,-21.223203704251045,-21.78170906488923
0.7500399999999985,0.5,-21.223203704251045,-21.78170906488923
0.7750320000000102,0.5,-21.50245638457014,-21.78170906488923
0.800021000000001,0.5,-21.50245638457014,-22.060961745208324
0.8250360000000114,0.5,-21.223203704251045,-21.78170906488923
0.8499670000000066,0.5,-21.50245638457014,-22.060961745208324
0.8750990000000058,0.5,-21.50245638457014,-22.060961745208324
0.9000110000000063,0.5,-21.50245638457014,-22.060961745208324
0.9250049999999987,0.5,-21.50245638457014,-22.060961745208324
0.9500050000000044,0.5,-21.50245638457014,-21.78170906488923
0.9749940000000095,0.5,-21.50245638457014,-22.060961745208324
1.000025000000008,0.0,-20.943951023931955,-21.78170906488923
1.0250920000000008,0.0,-17.872171540421935,-19.268434942017397
1.0500900000000115,0.0,-14.521139376592823,-16.47590813882647
1.0749890000000022,0.0,-11.170107212763709,-13.962634015954636
1.1000370000000004,0.0,-8.377580409572781,-11.4493598930828
1.125,0.0,-5.585053606381854,-9.21533845053006
1.150036,0.0,-2.792526803190927,-6.981317007977318
1.174993999999998,0.0,-0.2792526803190927,-4.747295565424577
1.2000330000000048,0.5,-1.9547687622336491,-4.468042885105484
1.2250140000000016,0.5,-12.007865253720986,-12.28711793404008
1.250070000000008,0.5,-17.034413499464655,-17.31366617978375
1.2749680000000012,0.5,-19.54768762233649,-19.54768762233649
1.3000360000000057,0.0,-20.106192982974676,-20.38544566329377
1.325016000000005,0.0,-17.034413499464655,-18.43067690106012
1.350003000000001,0.0,-13.962634015954636,-15.638150097869193
1.3750229999999988,0.0,-10.890854532444616,-13.124875974997359
1.400055000000009,0.5,-9.494591130849154,-12.007865253720986
1.424968000000007,0.5,-15.3588974175501,-16.19665545850738
1.4500230000000016,0.5,-18.70992958137921,-18.989182261698307
1.4750050000000101,0.5,-20.106192982974676,-20.664698343612862
1.5000110000000006,0.0,-20.38544566329377,-20.943951023931955
1.5250139999999988,0.0,-17.59291886010284,-18.70992958137921
1.5500700000000052,0.0,-14.241886696273728,-16.19665545850738
1.5750010000000003,0.0,-11.170107212763709,-13.40412865531645
1.6000270000000114,0.5,-9.494591130849154,-12.28711793404008
1.6249790000000104,0.5,-15.638150097869193,-16.47590813882647
1.6500810000000001,0.5,-18.989182261698307,-19.268434942017397
1.6750920000000065,0.5,-20.106192982974676,-20.664698343612862
1.7000110000000035,0.0,-20.38544566329377,-20.943951023931955
1.7250120000000067,0.0,-17.59291886010284,-18.70992958137921
1.749998000000005,0.0,-14.521139376592823,-16.19665545850738
1.77498700000001,0.0,-11.170107212763709,-13.683381335635543
1.7999960000000073,0.0,-8.377580409572781,-11.4493598930828
1.8250689999999992,0.0,-5.585053606381854,-8.936085770210967
1.8500250000000023,0.0,-2.792526803190927,-6.702064327658225
1.8750050000000016,0.0,-0.2792526803190927,-4.468042885105484
1.9000380000000092,0.5,-1.3962634015954636,-3.6302848441482056
1.9250140000000044,0.5,-11.170107212763709,-11.728612573401895
1.9500050000000044,0.5,-17.034413499464655,-16.755160819145562
1.9750980000000027,0.5,-19.54768762233649,-19.826940302655583
1.9999830000000003,0.0,-20.106192982974676,-20.38544566329377
2.0249720000000053,0.0,-17.59291886010284,-18.70992958137921
2.0500410000000073,0.0,-14.521139376592823,-15.917402778188285
2.0750210000000067,0.0,-11.4493598930828,-13.683381335635543
2.1000200000000007,0.5,-9.773843811168245,-12.007865253720986
2.125095999999999,0.5,-15.917402778188285,-16.47590813882647
2.150082000000012,0.5,-18.70992958137921,-19.268434942017397
2.1749910000000057,0.5,-20.38544566329377,-20.664698343612862
2.2000340000000023,0.5,-20.943951023931955,-21.50245638457014
2.2250429999999994,0.5,-21.223203704251045,-21.78170906488923
2.250010000000003,0.5,-21.223203704251045,-21.78170906488923
2.2750050000000073,0.5,-21.50245638457014,-22.060961745208324
2.3000000000000114,0.0,-20.943951023931955,-21.50245638457014
2.325022000000004,0.0,-18.151424220741028,-19.54768762233649
2.3500330000000105,0.0,-14.800392056911914,-16.755160819145562
2.3749770000000012,0.0,-11.728612573401895,-14.241886696273728
2.399999000000008,0.0,-8.656833089891874,-11.728612573401895
2.4250350000000083,0.0,-5.8643062867009474,-9.494591130849154
2.450018,0.0,-3.07177948351002,-7.260569688296411
2.475003000000001,0.0,-0.5585053606381855,-5.026548245743669
2.500052000000011,0.5,-1.6755160819145563,-4.1887902047863905
2.525002999999998,0.5,-11.728612573401895,-12.28711793404008
2.5500080000000054,0.5,-17.034413499464655,-17.31366617978375
2.575040999999999,0.5,-19.826940302655583,-19.54768762233649
2.600028000000009,0.5,-20.664698343612862,-21.223203704251045
2.624960999999999,0.5,-20.943951023931955,-21.223203704251045
2.650069000000002,0.5,-21.50245638457014,-22.060961745208324
2.6750740000000093,0.5,-21.50245638457014,-22.060961745208324
2.700043000000008,0.5,-21.223203704251045,-21.78170906488923
2.7250140000000016,0.5,-21.50245638457014,-22.060961745208324
2.750076000000007,0.5,-21.50245638457014,-22.060961745208324
2.775069000000002,0.5,-21.223203704251045,-22.340214425527417
2.800073000000012,0.0,-21.223203704251045,-21.78170906488923
2.8250519999999995,0.0,-17.872171540421935,-19.268434942017397
2.849997000000002,0.0,-15.079644737231007,-17.034413499464655
2.8749700000000047,0.0,-11.728612573401895,-14.241886696273728
2.899983000000006,0.0,-8.656833089891874,-12.007865253720986
2.925052000000008,0.0,-5.8643062867009474,-9.494591130849154
2.9499970000000104,0.0,-3.3510321638291125,-7.260569688296411
2.9749900000000054,0.0,-0.5585053606381855,-5.305800926062761
2.9999750000000063,0.5,-1.6755160819145563,-4.747295565424577
3.0250090000000114,0.5,-11.728612573401895,-12.28711793404008
3.05004000000001,0.5,-17.31366617978375,-17.59291886010284
3.0750850000000014,0.5,-19.826940302655583,-19.826940302655583
3.100014999999999,0.5,-20.38544566329377,-20.943951023931955
3.1250030000000066,0.5,-21.223203704251045,-21.50245638457014
3.149979000000002,0.5,-21.223203704251045,-22.060961745208324
3.1750280000000117,0.5,-21.50245638457014,-22.060961745208324
3.2000400000000013,0.0,-20.943951023931955,-21.78170906488923
3.2249809999999997,0.0,-18.151424220741028,-19.268434942017397
3.250082000000006,0.0,-15.079644737231007,-17.034413499464655
3.275034000000005,0.0,-12.007865253720986,-14.521139376592823
3.3000439999999998,0.5,-8.936085770210967,-11.728612573401895
3.325012000000001,0.5,-12.007865253720986,-13.962634015954636
3.349995000000007,0.5,-17.31366617978375,-18.151424220741028
3.3750339999999994,0.5,-19.826940302655583,-20.106192982974676
3.400001000000003,0.5,-20.664698343612862,-21.223203704251045
3.424972000000011,0.5,-20.943951023931955,-21.50245638457014
3.4500170000000026,0.5,-21.50245638457014,-22.060961745208324
3.4749860000000012,0.5,-21.50245638457014,-22.060961745208324
3.4999779999999987,0.5,-21.223203704251045,-22.060961745208324
3.5250500000000073,0.5,-21.50245638457014,-22.060961745208324
3.550099000000003,0.5,-21.50245638457014,-22.060961745208324
3.5751089999999976,0.5,-21.50245638457014,-22.060961745208324
3.600121999999999,0.5,-21.50245638457014,-22.340214425527417
3.6250650000000064,0.5,-21.50245638457014,-21.78170906488923
3.6499670000000037,0.5,-21.50245638457014,-22.060961745208324
3.675019000000006,0.5,-21.50245638457014,-22.060961745208324
3.700018,0.0,-20.943951023931955,-21.78170906488923
3.7250980000000027,0.0,-18.43067690106012,-19.54768762233649
3.7500140000000073,0.0,-15.079644737231007,-16.755160819145562
3.775086999999999,0.0,-12.007865253720986,-14.521139376592823
3.800031000000004,0.0,-8.936085770210967,-11.728612573401895
3.8250440000000054,0.0,-6.14355896702004,-9.494591130849154
3.850013000000004,0.0,-3.6302848441482056,-7.260569688296411
3.8750380000000035,0.0,-0.8377580409572781,-5.026548245743669
3.9000050000000073,0.5,-1.6755160819145563,-4.468042885105484
3.9250590000000045,0.5,-11.4493598930828,-12.007865253720986
3.9500850000000014,0.5,-17.034413499464655,-17.034413499464655
3.9749960000000044,0.5,-19.54768762233649,-19.54768762233649
4.000007000000011,0.0,-20.106192982974676,-20.38544566329377
4.025010000000009,0.0,-17.31366617978375,-18.151424220741028
4.050111999999999,0.0,-14.241886696273728,-15.638150097869193
4.075008000000011,0.0,-10.890854532444616,-13.124875974997359
4.100065000000001,0.5,-9.773843811168245,-11.728612573401895
4.124986000000007,0.5,-15.3588974175501,-16.19665545850738
4.150030000000001,0.5,-18.70992958137921,-18.989182261698307
4.175017000000011,0.5,-20.38544566329377,-20.664698343612862
4.200020000000009,0.0,-20.38544566329377,-21.223203704251045
4.224997999999999,0.0,-17.59291886010284,-18.70992958137921
4.250039000000001,0.0,-14.800392056911914,-16.19665545850738
4.2750309999999985,0.0,-11.4493598930828,-13.683381335635543
4.300007000000008,0.0,-8.377580409572781,-11.4493598930828
4.325037000000009,0.0,-5.585053606381854,-8.936085770210967
4.350035000000005,0.0,-3.07177948351002,-6.702064327658225
4.374969000000007,0.0,-0.5585053606381855,-4.468042885105484
4.399992000000012,0.0,0.0,-2.5132741228718345
4.425001000000009,0.0,0.0,-0.5585053606381855
4.450026000000008,0.0,0.0,0.0
4.474967000000007,0.0,0.0,0.0
4.500055000000003,0.0,0.0,0.0
4.525002999999998,0.0,0.0,0.0
4.550007000000008,0.0,0.0,0.0
4.575040999999999,0.0,0.0,0.0
4.599999000000011,0.0,0.0,0.0
4.6250300000000095,0.0,0.0,0.0
4.650039000000007,0.0,0.0,0.0
4.675062000000011,0.0,0.0,0.0
4.700029999999998,0.5,-1.9547687622336491,-1.6755160819145563
4.7250489999999985,0.5,-12.007865253720986,-11.170107212763709
4.750007000000011,0.5,-17.034413499464655,-16.755160819145562
4.775000000000006,0.5,-19.54768762233649,-19.54768762233649
4.7999790000000075,0.0,-20.106192982974676,-20.38544566329377
4.825043000000008,0.0,-17.59291886010284,-18.43067690106012
4.850131000000005,0.0,-13.962634015954636,-15.638150097869193
4.875021000000004,0.0,-11.170107212763709,-13.124875974997359
4.900024999999999,0.5,-9.494591130849154,-12.007865253720986
4.924976999999998,0.5,-15.3588974175501,-15.917402778188285
4.950015000000008,0.5,-18.70992958137921,-19.268434942017397
4.975086000000005,0.5,-20.38544566329377,-20.664698343612862
5.000124,0.0,-20.664698343612862,-21.223203704251045
5.025061000000008,0.0,-17.872171540421935,-18.989182261698307
5.050077000000002,0.0,-14.800392056911914,-16.755160819145562
5.074984999999998,0.0,-11.728612573401895,-13.962634015954636
5.099992999999998,0.5,-9.773843811168245,-12.28711793404008
5.125072000000003,0.5,-15.3588974175501,-16.19665545850738
5.150084000000007,0.5,-18.70992958137921,-19.268434942017397
5.174970999999999,0.5,-20.38544566329377,-20.664698343612862
5.2000420000000105,0.5,-20.943951023931955,-21.50245638457014
5.224997999999999,0.5,-21.223203704251045,-21.78170906488923
5.2500240000000105,0.5,-21.223203704251045,-22.060961745208324
5.275012000000004,0.5,-21.50245638457014,-21.78170906488923
5.300014000000004,0.5,-21.223203704251045,-22.060961745208324
5.325028000000003,0.5,-21.50245638457014,-22.060961745208324
5.350054,0.5,-21.50245638457014,-22.060961745208324
5.375004000000004,0.5,-21.50245638457014,-22.060961745208324
5.39998700000001,0.0,-20.943951023931955,-21.78170906488923
5.425014000000004,0.0,-18.43067690106012,-19.54768762233649
5.450012000000001,0.0,-15.079644737231007,-17.034413499464655
5.475125000000006,0.0,-12.007865253720986,-14.521139376592823
5.500105000000005,0.0,-8.656833089891874,-12.007865253720986
5.525033000000008,0.0,-6.14355896702004,-9.773843811168245
5.550013000000007,0.0,-3.3510321638291125,-7.260569688296411
5.575028000000003,0.0,-0.8377580409572781,-5.305800926062761
5.599997000000002,0.5,-1.3962634015954636,-4.468042885105484
5.625112999999999,0.5,-11.4493598930828,-12.007865253720986
5.649968000000001,0.5,-16.755160819145562,-17.31366617978375
5.674987000000002,0.5,-19.54768762233649,-19.54768762233649
5.700046999999998,0.0,-20.38544566329377,-20.664698343612862
5.724995000000007,0.0,-17.31366617978375,-18.43067690106012
5.749981000000005,0.0,-14.241886696273728,-16.19665545850738
5.7749820000000085,0.0,-11.170107212763709,-13.40412865531645
5.800055,0.0,-8.377580409572781,-11.170107212763709
5.825036000000011,0.0,-5.305800926062761,-8.656833089891874
5.850040000000007,0.0,-2.792526803190927,-6.422811647339132
5.8749850000000094,0.0,-0.2792526803190927,-4.468042885105484
5.900024999999999,0.0,0.0,-2.234021442552742
5.925066000000001,0.0,0.0,-0.5585053606381855
5.950084000000004,0.0,0.0,0.0
5.975017000000008,0.0,0.0,0.0
6.000098000000008,0.5,-1.117010721276371,-1.117010721276371
6.0249820000000085,0.5,-10.890854532444616,-10.611601852125522
6.049991000000006,0.5,-17.034413499464655,-16.755160819145562
6.074977000000004,0.5,-19.268434942017397,-19.268434942017397
6.100013000000004,0.0,-20.106192982974676,-20.38544566329377
6.125007000000011,0.0,-17.31366617978375,-17.872171540421935
6.1500290000000035,0.0,-13.962634015954636,-15.638150097869193
6.175075000000007,0.0,-11.170107212763709,-13.124875974997359
6.199995000000001,0.0,-8.09832772925369,-10.611601852125522
6.224981,0.0,-5.026548245743669,-8.377580409572781
6.249983,0.0,-2.5132741228718345,-6.14355896702004
6.275092000000001,0.0,-0.5585053606381855,-3.9095375244672983
6.30013000000001,0.0,0.0,-1.9547687622336491
6.3250420000000105,0.0,0.0,0.0
6.3500000000000085,0.0,0.0,0.0
6.375014000000007,0.0,0.0,0.0
6.4000230000000045,0.0,0.0,0.0
6.4250609999999995,0.0,0.0,0.0
6.450016000000005,0.0,0.0,0.0
6.475014000000002,0.0,0.0,0.0
6.5000240000000105,0.0,0.0,0.0
6.525017000000005,0.0,0.0,0.0
6.55005700000001,0.0,0.0,0.0
6.575090000000003,0.0,0.0,0.0
6.600070000000002,0.0,0.0,0.0
6.625059000000007,0.0,0.0,0.0
6.650013000000001,0.0,0.0,0.0
6.67504000000001,0.0,0.0,0.0
6.7000170000000026,0.5,-1.6755160819145563,-1.9547687622336491
6.725046000000006,0.5,-12.007865253720986,-11.170107212763709
6.750055000000003,0.5,-17.034413499464655,-16.755160819145562
6.775019,0.5,-19.54768762233649,-19.268434942017397
6.800065000000004,0.0,-20.106192982974676,-20.38544566329377
6.824967000000001,0.0,-17.31366617978375,-18.151424220741028
6.850042999999999,0.0,-14.241886696273728,-15.638150097869193
6.8749930000000035,0.0,-10.890854532444616,-12.845623294678264
6.8999900000000025,0.5,-9.773843811168245,-12.007865253720986
6.92501,0.5,-15.638150097869193,-15.917402778188285
6.950016000000005,0.5,-18.70992958137921,-18.989182261698307
6.974992999999998,0.5,-20.38544566329377,-20.664698343612862
7.000005000000002,0.0,-20.38544566329377,-20.664698343612862
7.024971000000008,0.0,-17.59291886010284,-18.70992958137921
7.0500980000000055,0.0,-14.521139376592823,-15.917402778188285
7.075091999999998,0.0,-11.170107212763709,-13.683381335635543
7.100980000000007,0.0,-8.656833089891874,-11.4493598930828
7.125059000000007,0.0,-5.305800926062761,-8.656833089891874
7.150006000000005,0.0,-2.792526803190927,-6.422811647339132
7.175000000000011,0.0,-0.5585053606381855,-4.468042885105484
7.200025000000011,0.5,-1.9547687622336491,-4.1887902047863905
7.225045000000009,0.5,-11.728612573401895,-12.28711793404008
7.249975000000006,0.5,-17.31366617978375,-17.034413499464655
7.275053,0.5,-19.826940302655583,-19.54768762233649
7.300031000000004,0.5,-20.664698343612862,-20.664698343612862
7.324993000000006,0.5,-20.943951023931955,-21.50245638457014
7.350003000000001,0.5,-21.50245638457014,-21.78170906488923
7.3750770000000045,0.5,-21.223203704251045,-21.78170906488923
7.3999900000000025,0.0,-20.943951023931955,-21.50245638457014
7.425024000000008,0.0,-18.151424220741028,-19.54768762233649
7.449975000000009,0.0,-14.800392056911914,-16.755160819145562
7.474990000000005,0.0,-11.728612573401895,-13.962634015954636
7.499974000000009,0.5,-10.053096491487338,-12.845623294678264
7.525064,0.5,-15.917402778188285,-16.755160819145562
7.5500609999999995,0.5,-18.70992958137921,-18.989182261698307
7.574980000000011,0.5,-20.38544566329377,-20.664698343612862
7.600034000000008,0.0,-20.38544566329377,-21.223203704251045
7.624966000000001,0.0,-17.59291886010284,-18.70992958137921
7.649977000000007,0.0,-14.521139376592823,-16.19665545850738
7.6750590000000045,0.0,-11.170107212763709,-13.962634015954636
7.699982000000006,0.0,-8.377580409572781,-11.4493598930828
7.724984000000006,0.0,-5.305800926062761,-8.936085770210967
7.749969000000007,0.0,-2.792526803190927,-6.981317007977318
7.775027000000009,0.0,-0.5585053606381855,-4.468042885105484
7.8000180000000086,0.0,0.0,-2.792526803190927
7.825019000000012,0.0,0.0,-0.5585053606381855
7.8500080000000025,0.0,0.0,0.0
7.8750300000000095,0.0,0.0,0.0
7.900028000000006,0.0,0.0,0.0
7.924983000000012,0.0,0.0,0.0
7.950015000000008,0.0,0.0,0.0
7.975001000000006,0.0,0.0,0.0
7.999988999999999,0.5,-1.9547687622336491,-1.6755160819145563
8.025018000000003,0.5,-11.728612573401895,-10.890854532444616
8.050108000000009,0.5,-17.31366617978375,-16.47590813882647
8.075023000000002,0.5,-19.54768762233649,-18.989182261698307
8.09997100000001,0.5,-20.664698343612862,-20.664698343612862
8.124983,0.5,-21.223203704251045,-21.50245638457014
8.150033000000008,0.5,-21.223203704251045,-21.50245638457014
8.174969000000004,0.5,-21.223203704251045,-21.78170906488923
8.200001,0.0,-21.223203704251045,-21.50245638457014
8.224969000000002,0.0,-17.872171540421935,-19.268434942017397
8.250031000000007,0.0,-15.079644737231007,-16.755160819145562
8.27503200000001,0.0,-11.728612573401895,-14.241886696273728
8.30003400000001,0.5,-10.332349171806431,-12.845623294678264
8.324991000000011,0.5,-15.917402778188285,-16.755160819145562
8.349989000000008,0.5,-18.989182261698307,-19.268434942017397
8.375106000000002,0.5,-20.664698343612862,-20.664698343612862
8.400103999999999,0.0,-20.38544566329377,-20.943951023931955
8.425037000000003,0.0,-17.872171540421935,-18.989182261698307
8.450039000000004,0.0,-14.521139376592823,-16.19665545850738
8.475012000000007,0.0,-11.4493598930828,-13.683381335635543
8.500015000000005,0.5,-10.332349171806431,-12.28711793404008
8.525103999999999,0.5,-15.638150097869193,-16.47590813882647
8.55004000000001,0.5,-18.989182261698307,-18.989182261698307
8.575053000000011,0.5,-20.664698343612862,-20.664698343612862
8.599989000000008,0.5,-20.943951023931955,-21.223203704251045
8.624987000000004,0.5,-21.223203704251045,-21.78170906488923
8.649982000000008,0.5,-21.223203704251045,-21.78170906488923
8.674980000000005,0.5,-21.50245638457014,-22.060961745208324
8.700084000000004,0.0,-21.50245638457014,-21.78170906488923
8.724974000000003,0.0,-18.151424220741028,-19.54768762233649
8.750101,0.0,-15.3588974175501,-17.31366617978375
8.774977000000007,0.0,-12.007865253720986,-14.241886696273728
8.799999,0.5,-10.332349171806431,-13.124875974997359
8.82507600000001,0.5,-15.917402778188285,-16.755160819145562
8.850062000000008,0.5,-18.989182261698307,-19.268434942017397
8.874966999999998,0.5,-20.38544566329377,-20.664698343612862
8.90002100000001,0.5,-21.223203704251045,-21.50245638457014
8.925025000000005,0.5,-21.223203704251045,-21.50245638457014
8.949973,0.5,-21.50245638457014,-21.78170906488923
8.975017000000008,0.5,-21.50245638457014,-22.060961745208324
9.000080000000011,0.5,-21.50245638457014,-22.060961745208324
9.025226000000004,0.5,-21.50245638457014,-22.340214425527417
9.050052000000008,0.5,-21.50245638457014,-21.78170906488923
9.075045000000003,0.5,-21.223203704251045,-22.060961745208324
9.10002200000001,0.0,-20.943951023931955,-21.78170906488923
9.12500700000001,0.0,-18.151424220741028,-19.268434942017397
9.150010000000009,0.0,-14.800392056911914,-17.034413499464655
9.175046000000009,0.0,-11.728612573401895,-14.521139376592823
9.200051000000002,0.0,-8.656833089891874,-12.007865253720986
9.225079000000008,0.0,-5.8643062867009474,-9.494591130849154
9.249966,0.0,-3.3510321638291125,-7.260569688296411
9.275040000000004,0.0,-0.5585053606381855,-5.305800926062761
9.299998000000002,0.0,0.0,-3.07177948351002
9.325029,0.0,0.0,-1.117010721276371
9.350115000000002,0.0,0.0,0.0
9.374998000000005,0.0,0.0,0.0
9.400116000000011,0.0,0.0,0.0
9.424991000000006,0.0,0.0,0.0
9.449984999999998,0.0,0.0,0.0
9.475003000000001,0.0,0.0,0.0
9.500038000000004,0.0,0.0,0.0
9.525034000000005,0.0,0.0,0.0
9.550066000000001,0.0,0.0,0.0
9.574964000000008,0.0,0.0,0.0
9.599975,0.5,-1.9547687622336491,-1.9547687622336491
9.624999000000003,0.5,-12.007865253720986,-11.170107212763709
9.650091000000003,0.5,-17.31366617978375,-16.47590813882647
9.675103000000007,0.5,-19.54768762233649,-19.54768762233649
9.700117000000006,0.0,-20.106192982974676,-20.106192982974676
9.725020999999998,0.0,-17.31366617978375,-17.872171540421935
9.750021000000004,0.0,-14.241886696273728,-15.638150097869193
9.77500400000001,0.0,-11.170107212763709,-13.124875974997359
9.800021000000001,0.0,-8.377580409572781,-10.611601852125522
9.825064000000012,0.0,-5.585053606381854,-8.377580409572781
9.85005000000001,0.0,-2.5132741228718345,-5.8643062867009474
9.874988000000002,0.0,-0.5585053606381855,-4.1887902047863905
9.899981000000011,0.0,0.0,-1.6755160819145563
9.924980000000005,0.0,0.0,-0.2792526803190927
9.950019000000012,0.0,0.0,0.0
9.975051000000008,0.0,0.0,0.0
10.000078000000002,0.5,-1.9547687622336491,-1.6755160819145563
10.02501500000001,0.5,-11.728612573401895,-10.890854532444616
10.050030000000007,0.5,-17.31366617978375,-16.47590813882647
10.075045000000003,0.5,-19.826940302655583,-19.268434942017397
10.100019000000003,0.0,-20.106192982974676,-20.106192982974676
10.125061000000002,0.0,-17.31366617978375,-18.151424220741028
10.150030999999998,0.0,-14.241886696273728,-15.638150097869193
10.174972000000011,0.0,-11.4493598930828,-13.124875974997359
10.200074,0.5,-9.494591130849154,-11.4493598930828
10.225026,0.5,-15.3588974175501,-15.917402778188285
10.249992000000006,0.5,-18.70992958137921,-18.70992958137921
10.275030000000001,0.5,-20.38544566329377,-20.664698343612862
10.299992000000003,0.5,-20.664698343612862,-21.223203704251045
10.324974000000012,0.5,-21.223203704251045,-21.50245638457014
10.349983000000009,0.5,-21.50245638457014,-22.060961745208324
10.374997000000008,0.5,-21.50245638457014,-21.78170906488923
10.40003800000001,0.5,-21.50245638457014,-22.340214425527417
10.424973000000008,0.5,-21.50245638457014,-21.78170906488923
10.450046999999998,0.5,-21.50245638457014,-22.340214425527417
10.475105,0.5,-21.50245638457014,-22.060961745208324
10.50009200000001,0.5,-21.50245638457014,-22.060961745208324
10.525108000000003,0.5,-21.50245638457014,-22.340214425527417
10.549993999999998,0.5,-21.223203704251045,-21.78170906488923
10.57499,0.5,-21.50245638457014,-22.060961745208324
10.599975999999998,0.5,-21.50245638457014,-22.060961745208324
10.625056999999998,0.5,-21.50245638457014,-22.340214425527417
10.649978000000004,0.5,-21.50245638457014,-22.060961745208324
10.675055999999998,0.5,-21.50245638457014,-22.060961745208324
10.699989000000002,0.5,-21.50245638457014,-22.060961745208324
10.724973000000006,0.5,-21.223203704251045,-22.060961745208324
10.750025000000008,0.5,-21.50245638457014,-22.060961745208324
10.775096000000005,0.5,-21.50245638457014,-22.060961745208324
10.800090000000012,0.5,-21.50245638457014,-22.340214425527417
10.825067000000004,0.5,-21.223203704251045,-21.78170906488923
10.850040000000007,0.5,-21.223203704251045,-22.060961745208324
10.874993000000003,0.5,-21.50245638457014,-22.060961745208324
10.899992000000012,0.0,-21.223203704251045,-22.060961745208324
10.924987000000002,0.0,-18.43067690106012,-19.826940302655583
10.950090000000003,0.0,-15.079644737231007,-17.034413499464655
10.974992,0.0,-12.007865253720986,-14.800392056911914
11.000067999999999,0.5,-10.053096491487338,-13.124875974997359
11.025013999999999,0.5,-15.638150097869193,-16.47590813882647
11.050045000000011,0.5,-18.70992958137921,-19.54768762233649
11.074976000000007,0.5,-20.106192982974676,-20.38544566329377
11.100014999999999,0.5,-20.943951023931955,-21.50245638457014
11.125004000000004,0.5,-20.943951023931955,-21.50245638457014
11.149984000000003,0.5,-21.50245638457014,-22.060961745208324
11.175061,0.5,-21.223203704251045,-22.060961745208324
11.200035,0.5,-21.50245638457014,-22.060961745208324
11.224986999999999,0.5,-21.50245638457014,-22.060961745208324
11.250054000000006,0.5,-21.50245638457014,-22.060961745208324
11.275087,0.5,-21.50245638457014,-22.340214425527417
11.300082000000003,0.5,-21.50245638457014,-22.060961745208324
11.325012000000001,0.5,-21.223203704251045,-22.060961745208324
11.350013000000004,0.5,-21.50245638457014,-22.060961745208324
11.375011999999998,0.5,-21.50245638457014,-22.060961745208324
11.399967000000004,0.5,-21.50245638457014,-22.340214425527417
11.425075000000007,0.5,-21.50245638457014,-22.060961745208324
11.450029999999998,0.5,-21.50245638457014,-22.060961745208324
11.475031000000001,0.5,-21.223203704251045,-22.060961745208324
11.500025000000008,0.5,-21.50245638457014,-22.060961745208324
11.524999000000008,0.5,-21.50245638457014,-22.060961745208324
11.549974000000006,0.5,-21.223203704251045,-22.060961745208324
11.575100000000006,0.5,-21.50245638457014,-22.060961745208324
11.599989000000008,0.5,-21.223203704251045,-22.060961745208324
11.62499600000001,0.5,-21.50245638457014,-22.340214425527417
11.650052000000002,0.5,-21.50245638457014,-22.060961745208324
11.674972000000011,0.5,-21.50245638457014,-22.060961745208324
11.700045000000003,0.0,-20.943951023931955,-21.78170906488923
11.725076999999999,0.0,-18.151424220741028,-19.54768762233649
11.75007500000001,0.0,-14.800392056911914,-17.034413499464655
11.775016000000008,0.0,-11.728612573401895,-14.521139376592823
11.800032999999999,0.5,-10.053096491487338,-12.566370614359172
11.825026000000008,0.5,-15.3588974175501,-16.755160819145562
11.850001000000006,0.5,-18.70992958137921,-18.989182261698307
11.875036000000009,0.5,-20.106192982974676,-20.664698343612862
11.900046000000003,0.5,-20.943951023931955,-21.223203704251045
11.92504000000001,0.5,-20.943951023931955,-21.50245638457014
11.949984,0.5,-21.50245638457014,-21.78170906488923
11.974989000000008,0.5,-21.223203704251045,-22.060961745208324
12.000010000000003,0.0,-20.943951023931955,-21.78170906488923
12.02501500000001,0.0,-18.151424220741028,-19.54768762233649
12.049983000000012,0.0,-14.800392056911914,-16.755160819145562
12.075101000000004,0.0,-12.007865253720986,-14.521139376592823
12.100138000000001,0.5,-10.332349171806431,-12.845623294678264
12.12508600000001,0.5,-15.638150097869193,-16.755160819145562
12.150033000000008,0.5,-18.70992958137921,-19.268434942017397
12.174976000000001,0.5,-20.38544566329377,-20.38544566329377
12.200022000000004,0.5,-20.943951023931955,-21.50245638457014
12.225065,0.5,-21.223203704251045,-21.78170906488923
12.250035000000011,0.5,-21.50245638457014,-21.78170906488923
12.275068000000005,0.5,-21.50245638457014,-22.060961745208324
12.299985000000007,0.0,-20.943951023931955,-21.78170906488923
12.325017000000003,0.0,-18.43067690106012,-19.826940302655583
12.35003900000001,0.0,-15.079644737231007,-17.034413499464655
12.375083000000004,0.0,-12.28711793404008,-14.521139376592823
12.39999300000001,0.0,-9.21533845053006,-12.28711793404008
12.425030000000007,0.0,-6.422811647339132,-9.773843811168245
12.450015000000008,0.0,-3.6302848441482056,-7.5398223686155035
12.47500500000001,0.0,-1.117010721276371,-5.585053606381854
12.500031000000007,0.5,-1.3962634015954636,-4.468042885105484
12.525045000000006,0.5,-11.170107212763709,-11.728612573401895
12.55004000000001,0.5,-17.034413499464655,-17.034413499464655
12.57497500000001,0.5,-19.268434942017397,-19.54768762233649
12.600003000000001,0.0,-20.38544566329377,-20.38544566329377
12.62501300000001,0.0,-17.59291886010284,-18.70992958137921
12.649971000000008,0.0,-14.521139376592823,-15.917402778188285
12.675025000000005,0.0,-11.4493598930828,-13.40412865531645
12.700018,0.0,-8.377580409572781,-11.170107212763709
12.725009,0.0,-5.8643062867009474,-8.936085770210967
12.750021000000004,0.0,-3.07177948351002,-6.702064327658225
12.77498,0.0,-0.8377580409572781,-4.468042885105484
12.799981000000002,0.0,0.0,-2.5132741228718345
12.824967000000001,0.0,0.0,-0.2792526803190927
12.850099,0.0,0.0,0.0
12.875091000000012,0.0,0.0,0.0
12.900051000000005,0.5,-1.6755160819145563,-1.6755160819145563
12.925083999999998,0.5,-11.728612573401895,-11.170107212763709
12.949999000000005,0.5,-17.31366617978375,-16.47590813882647
12.975010000000012,0.5,-19.54768762233649,-19.268434942017397
13.000016000000002,0.5,-20.38544566329377,-20.664698343612862
13.025037000000012,0.5,-21.223203704251045,-21.50245638457014
13.050116000000003,0.5,-21.223203704251045,-21.78170906488923
13.075035,0.5,-21.223203704251045,-21.78170906488923
13.100047000000004,0.5,-21.50245638457014,-22.060961745208324
13.125015000000005,0.5,-21.50245638457014,-22.060961745208324
13.150045000000006,0.5,-21.50245638457014,-22.340214425527417
13.175004000000001,0.5,-21.50245638457014,-22.060961745208324
13.20002000000001,0.5,-21.50245638457014,-22.060961745208324
13.224989000000008,0.5,-21.50245638457014,-22.060961745208324
13.250098000000008,0.5,-21.50245638457014,-22.340214425527417
13.27497600000001,0.5,-21.50245638457014,-22.060961745208324
13.30000600000001,0.0,-20.943951023931955,-21.78170906488923
13.325017000000003,0.0,-18.151424220741028,-19.826940302655583
13.350006000000008,0.0,-15.079644737231007,-17.034413499464655
13.375124,0.0,-12.007865253720986,-14.521139376592823
13.400109,0.0,-8.936085770210967,-12.28711793404008
13.425044,0.0,-6.14355896702004,-9.773843811168245
13.450040999999999,0.0,-3.3510321638291125,-7.5398223686155035
13.475006000000008,0.0,-0.8377580409572781,-5.305800926062761
13.499982000000003,0.5,-1.9547687622336491,-5.026548245743669
13.525081,0.5,-12.007865253720986,-12.566370614359172
13.55001,0.5,-17.31366617978375,-17.034413499464655
13.57505900000001,0.5,-19.54768762233649,-19.826940302655583
13.599979000000005,0.5,-20.38544566329377,-20.664698343612862
13.62502400000001,0.5,-21.223203704251045,-21.50245638457014
13.649961000000005,0.5,-21.223203704251045,-21.50245638457014
13.675090000000012,0.5,-21.50245638457014,-22.060961745208324
13.700118000000003,0.0,-21.223203704251045,-21.78170906488923
13.72506,0.0,-17.872171540421935,-19.54768762233649
13.750031000000007,0.0,-15.079644737231007,-16.755160819145562
13.775002,0.0,-12.007865253720986,-14.521139376592823
13.800046000000009,0.5,-10.611601852125522,-13.124875974997359
13.825102000000001,0.5,-15.638150097869193,-17.034413499464655
13.850106000000011,0.5,-18.989182261698307,-19.268434942017397
13.875011999999998,0.5,-20.38544566329377,-20.664698343612862
13.90004300000001,0.0,-20.664698343612862,-21.223203704251045
13.925025000000005,0.0,-17.872171540421935,-18.989182261698307
13.950010000000006,0.0,-14.800392056911914,-16.47590813882647
13.975009,0.0,-11.728612573401895,-14.241886696273728
14.000035000000011,0.5,-10.332349171806431,-12.566370614359172
14.025040000000004,0.5,-15.638150097869193,-16.755160819145562
14.050021000000001,0.5,-18.989182261698307,-18.989182261698307
14.074995000000001,0.5,-20.38544566329377,-20.664698343612862
14.100017000000008,0.5,-20.943951023931955,-21.50245638457014
14.124970000000005,0.5,-21.223203704251045,-21.78170906488923
14.149985999999998,0.5,-21.223203704251045,-22.060961745208324
14.175111999999999,0.5,-21.78170906488923,-22.060961745208324
14.200102000000001,0.5,-21.223203704251045,-22.340214425527417
14.22501600000001,0.5,-21.50245638457014,-22.060961745208324
14.250011999999998,0.5,-21.50245638457014,-22.060961745208324
14.275016000000008,0.5,-21.50245638457014,-22.060961745208324
14.300026000000003,0.0,-20.943951023931955,-22.060961745208324
14.325089000000006,0.0,-18.151424220741028,-19.54768762233649
14.350041000000004,0.0,-14.800392056911914,-17.034413499464655
14.374986000000007,0.0,-12.007865253720986,-14.800392056911914
14.400001000000003,0.0,-8.936085770210967,-12.007865253720986
14.424993,0.0,-6.14355896702004,-10.053096491487338
14.449965000000006,0.0,-3.3510321638291125,-7.5398223686155035
14.47498800000001,0.0,-0.8377580409572781,-5.585053606381854
14.499994000000001,0.5,-1.9547687622336491,-5.026548245743669
14.524994000000007,0.5,-12.007865253720986,-12.566370614359172
14.55007400000001,0.5,-17.31366617978375,-17.31366617978375
14.575040000000001,0.5,-19.54768762233649,-19.826940302655583
14.600043,0.5,-20.38544566329377,-20.943951023931955
14.625082000000006,0.5,-21.223203704251045,-21.78170906488923
14.650058000000001,0.5,-21.223203704251045,-21.78170906488923
14.675020000000004,0.5,-21.50245638457014,-22.060961745208324
14.700091999999998,0.0,-20.943951023931955,-21.78170906488923
14.725031999999999,0.0,-18.151424220741028,-19.54768762233649
14.750016000000002,0.0,-15.079644737231007,-17.034413499464655
14.774985000000001,0.0,-12.007865253720986,-14.521139376592823
14.800048000000004,0.5,-10.332349171806431,-13.40412865531645
14.825036000000011,0.5,-15.917402778188285,-16.755160819145562
14.849991000000003,0.5,-18.70992958137921,-19.54768762233649
14.875020000000006,0.5,-20.664698343612862,-20.664698343612862
14.899977000000007,0.5,-20.943951023931955,-21.50245638457014
14.924979000000008,0.5,-21.223203704251045,-21.78170906488923
14.950098000000011,0.5,-21.50245638457014,-22.060961745208324
14.975104000000002,0.5,-21.50245638457014,-22.060961745208324
15.000122000000005,0.0,-21.223203704251045,-22.060961745208324
15.025036,0.0,-18.151424220741028,-19.826940302655583
15.050020000000004,0.0,-15.3588974175501,-17.31366617978375
15.075007,0.0,-12.28711793404008,-14.800392056911914
15.100030000000004,0.0,-9.21533845053006,-12.566370614359172
15.125084000000001,0.0,-6.702064327658225,-10.053096491487338
15.150039000000007,0.0,-3.6302848441482056,-7.819075048934597
15.175026000000003,0.0,-1.117010721276371,-5.585053606381854
15.199991000000011,0.0,0.0,-3.6302848441482056
15.22501100000001,0.0,0.0,-1.3962634015954636
15.249973000000011,0.0,0.0,0.0
15.274982000000008,0.0,0.0,0.0
15.299986000000004,0.5,-1.9547687622336491,-1.9547687622336491
15.325062000000003,0.5,-11.728612573401895,-10.890854532444616
15.350080000000005,0.5,-17.31366617978375,-16.755160819145562
15.374988000000002,0.5,-19.54768762233649,-19.268434942017397
15.399971000000008,0.5,-20.664698343612862,-20.943951023931955
15.425066999999999,0.5,-21.223203704251045,-21.50245638457014
15.450049000000007,0.5,-21.223203704251045,-21.78170906488923
15.475043,0.5,-21.50245638457014,-22.060961745208324
15.500032000000004,0.5,-21.50245638457014,-22.340214425527417
15.525034000000005,0.5,-21.50245638457014,-22.060961745208324
15.549982,0.5,-21.50245638457014,-22.060961745208324
15.575000000000003,0.5,-21.223203704251045,-22.340214425527417
15.599998,0.5,-21.50245638457014,-22.060961745208324
15.624973000000011,0.5,-21.50245638457014,-22.340214425527417
15.650026000000011,0.5,-21.50245638457014,-22.060961745208324
15.674986000000004,0.5,-21.50245638457014,-22.340214425527417
15.699972000000002,0.0,-20.943951023931955,-21.78170906488923
15.724984000000006,0.0,-18.151424220741028,-19.826940302655583
15.750083000000004,0.0,-15.079644737231007,-17.034413499464655
15.775095000000007,0.0,-12.007865253720986,-14.800392056911914
15.800082000000003,0.0,-8.936085770210967,-12.28711793404008
15.825017000000003,0.0,-6.14355896702004,-10.053096491487338
15.850006000000008,0.0,-3.6302848441482056,-7.5398223686155035
15.874990000000011,0.0,-0.8377580409572781,-5.585053606381854
15.900058999999999,0.0,0.0,-3.3510321638291125
15.925049999999999,0.0,0.0,-1.3962634015954636
15.95002500000001,0.0,0.0,0.0
15.975063000000006,0.0,0.0,0.0
16.000042000000008,0.0,0.0,0.0
16.025007000000002,0.0,0.0,0.0
16.050033,0.0,0.0,0.0
16.075058,0.0,0.0,0.0
16.10006,0.5,-1.9547687622336491,-1.9547687622336491
16.125033000000002,0.5,-11.728612573401895,-10.890854532444616
16.15007200000001,0.5,-17.034413499464655,-16.755160819145562
16.17500600000001,0.5,-19.54768762233649,-19.268434942017397
16.200016000000005,0.0,-20.106192982974676,-20.38544566329377
16.225064000000003,0.0,-17.59291886010284,-18.43067690106012
16.250045,0.0,-14.241886696273728,-15.917402778188285
16.274968,0.0,-11.4493598930828,-13.124875974997359
16.300044,0.0,-8.377580409572781,-11.170107212763709
16.325018,0.0,-5.585053606381854,-8.656833089891874
16.35003900000001,0.0,-3.07177948351002,-6.422811647339132
16.37500100000001,0.0,-0.5585053606381855,-4.468042885105484
16.40005400000001,0.5,-1.3962634015954636,-3.6302848441482056
16.424999,0.5,-11.4493598930828,-11.4493598930828
16.450029,0.5,-17.034413499464655,-17.034413499464655
16.475082999999998,0.5,-19.54768762233649,-19.826940302655583
16.50004100000001,0.5,-20.38544566329377,-20.664698343612862
16.525028000000006,0.5,-21.223203704251045,-21.78170906488923
16.550047000000006,0.5,-21.223203704251045,-21.78170906488923
16.57505900000001,0.5,-21.50245638457014,-22.060961745208324
16.600049,0.0,-21.223203704251045,-21.78170906488923
16.625044000000003,0.0,-18.43067690106012,-19.826940302655583
16.650019999999998,0.0,-15.079644737231007,-17.31366617978375
16.675017999999994,0.0,-12.566370614359172,-14.800392056911914
16.700002000000012,0.5,-10.332349171806431,-13.124875974997359
16.72502399999999,0.5,-15.638150097869193,-16.755160819145562
16.750112,0.5,-18.989182261698307,-19.54768762233649
16.775001000000003,0.5,-20.38544566329377,-20.664698343612862
16.800049,0.0,-20.664698343612862,-21.223203704251045
16.82502200000002,0.0,-17.59291886010284,-18.989182261698307
16.84998999999999,0.0,-14.800392056911914,-16.755160819145562
16.875020000000006,0.0,-11.728612573401895,-13.962634015954636
16.90001000000001,0.0,-8.936085770210967,-11.728612573401895
16.925026000000003,0.0,-5.8643062867009474,-9.494591130849154
16.950053999999994,0.0,-3.3510321638291125,-7.260569688296411
16.975044999999994,0.0,-0.8377580409572781,-5.026548245743669
16.999995000000013,0.5,-1.3962634015954636,-3.9095375244672983
17.025007000000016,0.5,-11.170107212763709,-11.4493598930828
17.049993,0.5,-16.755160819145562,-17.034413499464655
17.075124000000017,0.5,-19.54768762233649,-19.54768762233649
17.100101999999993,0.0,-19.826940302655583,-20.664698343612862
17.125039000000015,0.0,-17.31366617978375,-18.43067690106012
17.15001699999999,0.0,-13.962634015954636,-15.917402778188285
17.17500000000001,0.0,-11.170107212763709,-13.40412865531645
17.199983000000003,0.0,-8.09832772925369,-11.170107212763709
17.22508400000001,0.0,-5.585053606381854,-8.936085770210967
17.25,0.0,-2.792526803190927,-6.702064327658225
17.275002,0.0,-0.5585053606381855,-4.468042885105484
17.299983999999995,0.5,-1.6755160819145563,-4.1887902047863905
17.324986999999993,0.5,-11.728612573401895,-12.28711793404008
17.350043,0.5,-17.31366617978375,-17.034413499464655
17.375078000000002,0.5,-19.54768762233649,-19.826940302655583
17.399991,0.5,-20.38544566329377,-20.943951023931955
17.425033000000013,0.5,-21.223203704251045,-21.50245638457014
17.450031999999993,0.5,-21.223203704251045,-21.78170906488923
17.475025000000016,0.5,-21.223203704251045,-22.340214425527417
17.500010000000003,0.0,-21.223203704251045,-21.78170906488923
17.525071999999994,0.0,-18.43067690106012,-19.826940302655583
17.550063999999992,0.0,-15.3588974175501,-17.034413499464655
17.575045000000017,0.0,-12.007865253720986,-14.800392056911914
17.600065,0.5,-10.611601852125522,-13.40412865531645
17.625034,0.5,-15.917402778188285,-16.755160819145562
17.650004999999993,0.5,-18.70992958137921,-19.54768762233649
17.675044000000014,0.5,-20.38544566329377,-20.943951023931955
17.700054999999992,0.5,-20.943951023931955,-21.78170906488923
17.725036000000017,0.5,-21.223203704251045,-21.78170906488923
17.750005000000016,0.5,-21.223203704251045,-22.060961745208324
17.775101000000006,0.5,-21.78170906488923,-22.060961745208324
17.79996700000001,0.0,-20.943951023931955,-21.78170906488923
17.825001000000015,0.0,-18.151424220741028,-19.826940302655583
17.850078999999994,0.0,-15.3588974175501,-17.034413499464655
17.875092999999993,0.0,-12.007865253720986,-14.800392056911914
17.90006600000001,0.0,-9.21533845053006,-12.28711793404008
17.925082000000003,0.0,-6.422811647339132,-9.773843811168245
17.949995,0.0,-3.6302848441482056,-7.819075048934597
18.052609000000018,0.0,-1.3962634015954636,-10.053096491487338
18.075073000000003,0.0,0.0,0.0
18.100041000000004,0.0,-3.6302848441482056,-3.6302848441482056
18.12505999999999,0.0,-3.3510321638291125,-3.3510321638291125
18.150002,0.0,-0.5585053606381855,-1.3962634015954636
18.174990000000008,0.0,0.0,0.0
18.200035000000014,0.5,-1.9547687622336491,-1.6755160819145563
18.224992000000015,0.5,-12.007865253720986,-11.4493598930828
18.250092999999993,0.5,-17.31366617978375,-16.755160819145562
18.274966000000006,0.5,-19.268434942017397,-19.54768762233649
18.300100000000015,0.0,-20.38544566329377,-20.38544566329377
18.324995,0.0,-17.59291886010284,-18.43067690106012
18.350002000000018,0.0,-14.241886696273728,-15.917402778188285
18.374978,0.0,-11.4493598930828,-13.683381335635543
18.400020000000012,0.5,-10.053096491487338,-12.007865253720986
18.425020000000018,0.5,-15.638150097869193,-16.47590813882647
18.450053999999994,0.5,-18.989182261698307,-19.268434942017397
18.47501300000002,0.5,-20.38544566329377,-20.664698343612862
18.49999600000001,0.5,-20.943951023931955,-21.50245638457014
18.52500900000001,0.5,-21.223203704251045,-21.78170906488923
18.549991000000006,0.5,-21.50245638457014,-22.060961745208324
18.575114000000013,0.5,-21.50245638457014,-22.060961745208324
18.600094000000013,0.0,-20.943951023931955,-22.060961745208324
18.62505200000001,0.0,-18.43067690106012,-19.54768762233649
18.64997600000001,0.0,-15.3588974175501,-17.31366617978375
18.67499700000002,0.0,-12.007865253720986,-14.800392056911914
18.69997700000002,0.0,-9.494591130849154,-12.28711793404008
18.725086000000005,0.0,-6.422811647339132,-10.053096491487338
18.750050000000016,0.0,-3.9095375244672983,-7.819075048934597
18.775004999999993,0.0,-1.117010721276371,-5.585053606381854
18.799982,0.5,-1.3962634015954636,-4.747295565424577
18.824978000000016,0.5,-11.4493598930828,-12.007865253720986
18.85001600000001,0.5,-17.034413499464655,-17.31366617978375
18.875079999999997,0.5,-19.54768762233649,-19.826940302655583
18.899981999999994,0.0,-20.106192982974676,-20.664698343612862
18.924992000000003,0.0,-17.59291886010284,-18.70992958137921
18.950080000000014,0.0,-14.521139376592823,-16.19665545850738
18.974984000000006,0.0,-11.728612573401895,-13.683381335635543
19.00001900000001,0.0,-8.656833089891874,-11.4493598930828
19.025036999999998,0.0,-5.8643062867009474,-8.936085770210967
19.050037000000003,0.0,-3.07177948351002,-6.981317007977318
19.075007999999997,0.0,-0.8377580409572781,-4.747295565424577
19.099998999999997,0.5,-1.9547687622336491,-4.468042885105484
19.125021000000004,0.5,-12.007865253720986,-12.28711793404008
19.149979000000002,0.5,-17.31366617978375,-17.31366617978375
19.175026000000003,0.5,-19.54768762233649,-19.54768762233649
19.20001400000001,0.0,-20.106192982974676,-20.664698343612862
19.225032,0.0,-17.59291886010284,-18.70992958137921
19.25004100000001,0.0,-14.521139376592823,-16.19665545850738
19.275035000000003,0.0,-11.4493598930828,-13.683381335635543
19.300014000000004,0.5,-10.053096491487338,-12.566370614359172
19.325007999999997,0.5,-15.638150097869193,-16.47590813882647
19.350063000000006,0.5,-18.70992958137921,-19.268434942017397
19.375062000000014,0.5,-20.38544566329377,-20.664698343612862
19.400060999999994,0.5,-20.943951023931955,-21.50245638457014
19.425013000000007,0.5,-21.223203704251045,-21.78170906488923
19.449974999999995,0.5,-21.223203704251045,-22.060961745208324
19.474995000000007,0.5,-21.50245638457014,-22.060961745208324
19.49997000000002,0.0,-21.223203704251045,-21.78170906488923
19.525014999999996,0.0,-18.151424220741028,-19.826940302655583
19.550112000000013,0.0,-15.079644737231007,-17.034413499464655
19.575041999999996,0.0,-12.007865253720986,-14.800392056911914
19.600056999999993,0.0,-8.936085770210967,-12.28711793404008
19.625023999999996,0.0,-6.422811647339132,-9.773843811168245
19.650045000000006,0.0,-3.6302848441482056,-7.819075048934597
19.674995999999993,0.0,-1.117010721276371,-5.585053606381854
19.700052,0.0,0.0,-3.3510321638291125
19.725026000000014,0.0,0.0,-1.3962634015954636
19.750068,0.0,0.0,0.0
19.775036,0.0,0.0,0.0
19.800048000000004,0.0,0.0,0.0
19.825005000000004,0.0,0.0,0.0
19.850006000000008,0.0,0.0,0.0
19.875130000000013,0.0,0.0,0.0
19.900108000000017,0.5,-1.6755160819145563,-1.6755160819145563
19.925005999999996,0.5,-11.4493598930828,-10.890854532444616
19.950009999999992,0.5,-17.31366617978375,-16.755160819145562
19.975038000000012,0.5,-19.54768762233649,-19.54768762233649
20.000029000000012,0.5,-20.38544566329377,-20.664698343612862
20.025060999999994,0.5,-21.223203704251045,-21.50245638457014
20.049966000000012,0.5,-21.223203704251045,-21.78170906488923
20.075027000000006,0.5,-21.50245638457014,-22.060961745208324
20.099975999999998,0.5,-21.50245638457014,-22.060961745208324
20.125021000000004,0.5,-21.78170906488923,-22.340214425527417
20.149977000000007,0.5,-21.223203704251045,-22.060961745208324
20.175104000000005,0.5,-21.78170906488923,-22.340214425527417
20.200110999999993,0.5,-21.50245638457014,-22.060961745208324
20.225067999999993,0.5,-21.50245638457014,-22.060961745208324
20.250078000000002,0.5,-21.50245638457014,-22.340214425527417
20.274978000000004,0.5,-21.223203704251045,-22.060961745208324
20.30004600000001,0.5,-21.50245638457014,-22.060961745208324
20.325079000000017,0.5,-21.50245638457014,-22.340214425527417
20.350074000000006,0.5,-21.50245638457014,-22.340214425527417
20.374989999999997,0.5,-21.50245638457014,-22.060961745208324
20.400058,0.5,-21.50245638457014,-22.340214425527417
20.42497399999999,0.5,-21.223203704251045,-22.060961745208324
20.449994000000004,0.5,-21.50245638457014,-22.340214425527417
20.474984000000006,0.5,-21.223203704251045,-22.340214425527417
20.499986000000007,0.0,-21.223203704251045,-21.78170906488923
20.524970999999994,0.0,-18.151424220741028,-19.54768762233649
20.550044000000014,0.0,-14.800392056911914,-17.31366617978375
20.574962999999997,0.0,-12.007865253720986,-14.521139376592823
20.600010999999995,0.5,-10.332349171806431,-13.40412865531645
20.624999000000003,0.5,-15.638150097869193,-16.755160819145562
20.650090000000006,0.5,-18.989182261698307,-19.54768762233649
20.675115000000005,0.5,-20.38544566329377,-20.943951023931955
20.700039000000004,0.0,-20.38544566329377,-20.943951023931955
20.725121,0.0,-17.872171540421935,-18.989182261698307
20.750002999999992,0.0,-14.521139376592823,-16.19665545850738
20.774970999999994,0.0,-11.728612573401895,-13.962634015954636
20.79997399999999,0.0,-8.656833089891874,-11.728612573401895
20.825060000000008,0.0,-6.14355896702004,-9.494591130849154
20.849980000000016,0.0,-3.3510321638291125,-6.981317007977318
20.87497400000001,0.0,-0.8377580409572781,-4.747295565424577
20.900030000000015,0.0,0.0,-2.792526803190927
20.925017999999994,0.0,0.0,-1.117010721276371
20.94998800000002,0.0,0.0,0.0
20.975053000000003,0.0,0.0,0.0
21.00007500000001,0.0,0.0,0.0
21.02499800000001,0.0,0.0,0.0
21.050092000000006,0.0,0.0,0.0
21.075009999999992,0.0,0.0,0.0
21.099986,0.0,0.0,0.0
21.125068,0.0,0.0,0.0
21.150046000000003,0.0,0.0,0.0
21.174983999999995,0.0,0.0,0.0
21.200039000000004,0.0,0.0,0.0
21.22502700000001,0.0,0.0,0.0
21.24997000000002,0.0,0.0,0.0
21.275014,0.0,0.0,0.0
21.299972999999994,0.5,-1.6755160819145563,-1.6755160819145563
21.324970000000008,0.5,-11.728612573401895,-10.890854532444616
21.349997000000002,0.5,-17.31366617978375,-16.47590813882647
21.375039000000015,0.5,-19.54768762233649,-19.54768762233649
21.40002100000001,0.0,-20.106192982974676,-20.106192982974676
21.424980000000005,0.0,-17.31366617978375,-18.43067690106012
21.450052,0.0,-14.241886696273728,-15.917402778188285
21.475077999999996,0.0,-11.4493598930828,-13.40412865531645
21.500045,0.5,-9.773843811168245,-12.007865253720986
21.525081,0.5,-15.3588974175501,-16.19665545850738
21.549993999999998,0.5,-18.43067690106012,-18.989182261698307
21.575042999999994,0.5,-20.38544566329377,-20.664698343612862
21.600032,0.5,-21.223203704251045,-21.50245638457014
21.625044000000003,0.5,-21.223203704251045,-21.78170906488923
21.650120000000015,0.5,-21.50245638457014,-22.060961745208324
21.674971,0.5,-21.223203704251045,-21.78170906488923
21.70004,0.0,-21.223203704251045,-21.78170906488923
21.725002000000018,0.0,-18.151424220741028,-19.54768762233649
21.74997400000001,0.0,-15.079644737231007,-17.034413499464655
21.775014999999996,0.0,-12.28711793404008,-14.800392056911914
21.800025000000005,0.5,-10.611601852125522,-13.124875974997359
21.825038000000006,0.5,-15.917402778188285,-17.034413499464655
21.850056999999993,0.5,-18.989182261698307,-19.268434942017397
21.874975000000006,0.5,-20.38544566329377,-20.943951023931955
21.900014999999996,0.5,-21.223203704251045,-21.50245638457014
21.925021000000015,0.5,-21.223203704251045,-21.78170906488923
21.94999200000001,0.5,-21.50245638457014,-22.060961745208324
21.97511399999999,0.5,-21.78170906488923,-22.340214425527417
22.000117000000017,0.0,-21.223203704251045,-21.78170906488923
22.025041000000016,0.0,-18.43067690106012,-19.826940302655583
22.049983999999995,0.0,-15.3588974175501,-17.034413499464655
22.075034000000016,0.0,-12.28711793404008,-14.800392056911914
22.099987,0.0,-9.494591130849154,-12.566370614359172
22.125089000000003,0.0,-6.702064327658225,-10.053096491487338
22.15000600000002,0.0,-3.9095375244672983,-7.819075048934597
22.175014000000004,0.0,-1.3962634015954636,-5.585053606381854
22.200027000000006,0.0,0.0,-3.6302848441482056
22.224987999999996,0.0,0.0,-1.3962634015954636
22.25004100000001,0.0,0.0,-0.2792526803190927
22.275087000000013,0.0,0.0,0.0
22.300059000000005,0.5,-1.9547687622336491,-1.6755160819145563
22.325046000000015,0.5,-11.728612573401895,-11.170107212763709
22.35006200000001,0.5,-17.31366617978375,-16.47590813882647
22.374990999999994,0.5,-19.54768762233649,-19.54768762233649
22.400031000000013,0.5,-20.664698343612862,-20.664698343612862
22.424992000000003,0.5,-20.943951023931955,-21.50245638457014
22.45007799999999,0.5,-21.50245638457014,-22.060961745208324
22.47496800000002,0.5,-21.50245638457014,-21.78170906488923
22.500073000000015,0.0,-21.223203704251045,-22.060961745208324
22.524974000000014,0.0,-18.70992958137921,-19.826940302655583
22.550018999999992,0.0,-15.3588974175501,-17.31366617978375
22.574993000000006,0.0,-12.566370614359172,-14.800392056911914
