t,u,wl,wr
0,3.105,0,0
0.0500089999999958,3.105,11.0304808726042,10.6116018521255
0.0999169999999978,3.105,18.4306769010601,18.0117978805815
0.149958999999996,3.105,19.8269403026556,19.9665666428151
0.199968999999996,3.105,20.3854456632938,20.3854456632938
0.249994000000001,3.105,20.3854456632938,20.6646983436129
0.300014999999995,3.105,20.6646983436129,21.0835773640915
0.349978999999998,3.105,20.5250720034533,21.0835773640915
0.399912999999998,3.105,20.6646983436129,21.0835773640915
0.449978000000002,3.105,20.8043246837724,21.3628300444106
0.500079999999997,3.105,20.8043246837724,21.223203704251
0.550000999999995,3.105,20.6646983436129,21.3628300444106
0.599975000000001,3.105,20.8043246837724,21.3628300444106
0.64996,3.105,20.8043246837724,21.223203704251
0.699959999999997,3.105,20.8043246837724,20.943951023932
0.750011000000001,3.105,20.943951023932,21.223203704251
0.799937,3.105,20.8043246837724,21.223203704251
0.849964999999997,3.105,20.8043246837724,21.0835773640915
0.899921999999997,3.105,20.6646983436129,21.0835773640915
0.950072999999996,3.105,20.943951023932,21.223203704251
1.000056,3.105,20.6646983436129,21.223203704251
1.049931,3.105,20.6646983436129,21.0835773640915
1.099933,3.105,20.8043246837724,21.223203704251
1.14994,3.105,20.8043246837724,21.223203704251
1.19999,3.105,20.8043246837724,21.3628300444106
1.24997,3.105,20.8043246837724,21.223203704251
1.299945,3.105,20.8043246837724,21.223203704251
1.349975,3.105,20.8043246837724,21.3628300444106
1.400023,3.105,20.8043246837724,21.3628300444106
1.449962,3.105,20.8043246837724,21.223203704251
1.499931,3.105,20.6646983436129,21.3628300444106
1.549927,3.105,20.943951023932,21.3628300444106
1.600032,3.105,20.8043246837724,21.5024563845701
1.649956,3.105,20.8043246837724,21.223203704251
1.699944,3.105,20.8043246837724,21.3628300444106
1.749916,3.105,20.8043246837724,21.3628300444106
1.799932,3.105,20.943951023932,21.5024563845701
1.850012,3.105,20.943951023932,21.3628300444106
1.89994799999999,3.105,20.943951023932,21.223203704251
1.949959,3.105,20.8043246837724,21.223203704251
1.999928,0,20.943951023932,21.223203704251
2.04995,0,16.8947871593051,18.0117978805815
2.099982,0,9.35496479068961,11.7286125734019
2.149954,0,2.51327412287183,6.28318530717959
2.199957,0,0,1.25663706143592
2.249998,0,0,0
2.300013,0,0,0
2.349973,0,0,0
2.39994,0,0,0
2.44994699999999,0,0,0
2.500029,0,0,0
2.549932,0,0,0
2.59999,0,0,0
2.649922,0,0,0
2.699954,0,0,0
2.749964,0,0,0
2.799938,0,0,0
2.84993,0,0,0
2.899925,0,0,0
2.94999199999999,0,0,0
3.000079,3.105,0,0
3.050043,3.105,10.6116018521255,10.0530964914873
3.099926,3.105,18.151424220741,18.151424220741
3.149927,3.105,19.687313962496,19.9665666428151
3.199994,3.105,20.2458193231342,20.6646983436129
3.24995,3.105,20.2458193231342,20.8043246837724
3.299955,3.105,20.6646983436129,21.0835773640915
3.34994,3.105,20.5250720034533,21.0835773640915
3.400023,3.105,20.8043246837724,21.3628300444106
3.44999,3.105,20.6646983436129,21.223203704251
3.500005,3.105,20.6646983436129,21.3628300444106
3.549928,3.105,20.8043246837724,21.223203704251
3.599993,3.105,20.8043246837724,21.5024563845701
3.649992,3.105,20.8043246837724,21.223203704251
3.700022,3.105,20.8043246837724,21.5024563845701
3.749941,3.105,20.8043246837724,21.223203704251
3.799948,3.105,20.943951023932,21.223203704251
3.850029,3.105,20.943951023932,21.3628300444106
3.899968,3.105,20.8043246837724,21.3628300444106
3.949936,3.105,20.8043246837724,21.5024563845701
3.999952,0,20.8043246837724,21.223203704251
4.049966,0,16.615534478986,18.0117978805815
4.100049,0,9.21533845053006,11.8682389135614
4.149971,0,2.51327412287183,6.14355896702004
4.199991,0,0,1.39626340159546
4.24992599999999,0,0,0
4.299928,0,0,0
4.350002,0,0,0
4.399947,0,0,0
4.449924,0,0,0
4.499919,0,0,0
4.550025,0,0,0
4.600004,0,0,0
4.649967,0,0,0
4.699991,0,0,0
4.750052,0,0,0
4.799995,0,0,0
4.849971,0,0,0
4.899977,0,0,0
4.949934,0,0,0
5.000035,3.105,0,0
5.049989,3.105,11.4493598930828,10.3323491718064
5.09993799999999,3.105,18.4306769010601,18.151424220741
5.149976,3.105,19.9665666428151,20.1061929829747
5.199933,3.105,20.2458193231342,20.8043246837724
5.249993,3.105,20.5250720034533,21.0835773640915
5.299923,3.105,20.6646983436129,21.0835773640915
5.349945,3.105,20.6646983436129,21.3628300444106
5.400006,3.105,20.6646983436129,21.223203704251
5.449997,3.105,20.6646983436129,21.5024563845701
5.500005,3.105,20.8043246837724,21.3628300444106
5.549924,3.105,20.8043246837724,21.223203704251
5.599962,3.105,20.943951023932,21.3628300444106
5.650026,3.105,20.943951023932,21.5024563845701
5.699921,3.105,20.943951023932,21.223203704251
5.750036,3.105,20.943951023932,21.5024563845701
5.79996999999999,3.105,20.943951023932,21.3628300444106
5.849988,3.105,20.943951023932,21.3628300444106
5.89999,3.105,20.8043246837724,21.5024563845701
5.949984,3.105,20.943951023932,21.3628300444106
5.999973,0,20.943951023932,21.5024563845701
6.049921,0,16.8947871593051,18.2910505609006
6.100026,0,9.49459113084915,12.1474915938805
6.149963,0,2.93215314335047,6.56243798749868
6.20001999999999,0,0,1.67551608191456
6.24998799999999,0,0,0
6.299957,0,0,0
6.349984,0,0,0
6.400011,0,0,0
6.449968,0,0,0
6.499916,0,0,0
6.549979,0,0,0
6.599935,0,0,0
6.649925,0,0,0
6.699913,0,0,0
6.749972,0,0,0
6.799968,0,0,0
6.849959,0,0,0
6.899932,0,0,0
6.949934,0,0,0
7.000007,3.105,0,0
7.049921,3.105,11.1701072127637,10.1927228316469
7.100027,3.105,18.5703032412197,18.0117978805815
7.14991699999999,3.105,19.9665666428151,20.1061929829747
7.200001,3.105,20.5250720034533,20.8043246837724
7.249991,3.105,20.6646983436129,20.943951023932
7.299926,3.105,20.6646983436129,21.0835773640915
7.349923,3.105,20.8043246837724,21.223203704251
7.399938,3.105,20.8043246837724,21.3628300444106
7.449986,3.105,20.943951023932,21.3628300444106
7.50008,3.105,20.943951023932,21.223203704251
7.550023,3.105,20.943951023932,21.3628300444106
7.599922,3.105,20.8043246837724,21.3628300444106
7.649942,3.105,20.943951023932,21.5024563845701
7.699931,3.105,20.8043246837724,21.3628300444106
7.749976,3.105,20.943951023932,21.3628300444106
7.799983,3.105,21.0835773640915,21.5024563845701
7.849958,3.105,20.8043246837724,21.3628300444106
7.900001,3.105,20.943951023932,21.3628300444106
7.950018,3.105,20.8043246837724,21.5024563845701
8.000051,0,20.943951023932,21.5024563845701
8.049926,0,16.7551608191456,18.151424220741
8.099945,0,9.6342174710087,12.2871179340401
8.149937,0,2.93215314335047,6.70206432765823
8.199967,0,0,1.67551608191456
8.249923,0,0,0
8.299922,0,0,0
8.349974,0,0,0
8.400008,0,0,0
8.449963,0,0,0
8.499979,0,0,0
8.549975,0,0,0
8.59993,0,0,0
8.649995,0,0,0
8.700029,0,0,0
8.749939,0,0,0
8.799931,0,0,0
8.850027,0,0,0
8.899985,0,0,0
8.949921,0,0,0
8.99992,3.105,0,0
9.049961,3.105,11.3097335529233,10.471975511966
9.099928,3.105,18.5703032412197,18.151424220741
9.149926,3.105,19.9665666428151,20.2458193231342
9.199937,3.105,20.5250720034533,20.6646983436129
9.250007,3.105,20.6646983436129,21.223203704251
9.299995,3.105,20.6646983436129,21.0835773640915
9.34996599999999,3.105,20.6646983436129,21.223203704251
9.399977,3.105,20.8043246837724,21.3628300444106
9.449952,3.105,20.943951023932,21.3628300444106
9.500016,3.105,20.8043246837724,21.5024563845701
9.54993899999999,3.105,20.8043246837724,21.3628300444106
9.600001,3.105,20.943951023932,21.223203704251
9.649918,3.105,20.943951023932,21.223203704251
9.699932,3.105,20.943951023932,21.3628300444106
9.750003,3.105,21.0835773640915,21.3628300444106
9.799996,3.105,20.8043246837724,21.5024563845701
9.849974,3.105,20.8043246837724,21.5024563845701
9.899953,3.105,20.8043246837724,21.5024563845701
9.950002,3.105,20.8043246837724,21.5024563845701
9.999975,0,20.8043246837724,21.3628300444106
10.050028,0,16.7551608191456,18.2910505609006
10.099971,0,9.21533845053006,12.2871179340401
10.149983,0,2.65290046303138,6.70206432765823
10.199984,0,0,1.67551608191456
10.24999,0,0,0
10.299956,0,0,0
10.349956,0,0,0
10.400015,0,0,0
10.449962,0,0,0
10.500003,0,0,0
10.549922,0,0,0
10.599968,0,0,0
10.649986,0,0,0
10.699926,0,0,0
10.749956,0,0,0
10.799987,0,0,0
10.849976,0,0,0
10.900061,0,0,0
10.949984,0,0,0
10.999974,0,0,0
11.049924,0,0,0
11.099965,0,0,0
11.14993,0,0,0
11.199957,0,0,0
11.249987,0,0,0
11.299945,0,0,0
11.350028,0,0,0
11.399996,0,0,0
11.449949,0,0,0
11.499973,0,0,0
11.550066,0,0,0
11.599942,0,0,0
11.650026,0,0,0
11.699943,0,0,0
11.750001,0,0,0
11.800008,0,0,0
11.849935,0,0,0
11.899948,0,0,0
11.949934,0,0,0
11.999939,3.105,0,0
12.049978,3.105,11.1701072127637,10.3323491718064
12.100021,3.105,18.4306769010601,18.2910505609006
12.149976,3.105,19.9665666428151,20.2458193231342
12.199984,3.105,20.2458193231342,20.6646983436129
12.250012,3.105,20.6646983436129,21.0835773640915
12.299961,3.105,20.6646983436129,21.223203704251
12.349914,3.105,20.6646983436129,21.223203704251
12.399944,3.105,20.8043246837724,21.3628300444106
12.450032,3.105,20.8043246837724,21.3628300444106
12.500003,3.105,20.8043246837724,21.3628300444106
12.549953,3.105,20.8043246837724,21.3628300444106
12.59998,3.105,20.943951023932,21.5024563845701
12.649973,3.105,20.8043246837724,21.5024563845701
12.699993,3.105,20.943951023932,21.5024563845701
12.749966,3.105,20.943951023932,21.3628300444106
12.79995,3.105,20.943951023932,21.5024563845701
12.849952,3.105,20.943951023932,21.5024563845701
12.900003,3.105,21.0835773640915,21.6420827247297
12.949937,3.105,20.8043246837724,21.6420827247297
12.999932,3.105,20.8043246837724,21.5024563845701
13.049984,3.105,20.943951023932,21.6420827247297
13.099922,3.105,20.943951023932,21.6420827247297
13.149999,3.105,20.943951023932,21.6420827247297
13.19992,3.105,20.943951023932,21.6420827247297
13.249966,3.105,20.943951023932,21.5024563845701
13.299947,3.105,20.8043246837724,21.7817090648892
13.349998,3.105,20.943951023932,21.6420827247297
13.400066,3.105,20.943951023932,21.6420827247297
13.450041,3.105,20.943951023932,21.6420827247297
13.499938,3.105,20.943951023932,21.7817090648892
13.549934,3.105,20.943951023932,21.6420827247297
13.599958,3.105,20.943951023932,21.7817090648892
13.649926,3.105,20.943951023932,21.6420827247297
13.753767,3.105,43.2841654494594,45.0993078715335
13.799941,3.105,19.2684349420174,19.9665666428151
13.849966,3.105,20.943951023932,21.7817090648892
13.899929,3.105,20.943951023932,21.7817090648892
13.949922,3.105,20.943951023932,21.6420827247297
13.99993,0,20.8043246837724,21.7817090648892
14.049951,0,16.7551608191456,18.4306769010601
14.099972,0,9.21533845053006,12.5663706143592
14.150024,0,2.65290046303138,7.12094334813686
14.199928,0,0,1.95476876223365
14.250004,0,0,0
14.300008,0,0,0
14.35002,0,0,0
14.399975,0,0,0
14.449943,0,0,0
14.500015,0,0,0
14.549963,0,0,0
14.600027,0,0,0
14.649914,0,0,0
14.699963,0,0,0
14.749982,0,0,0
14.799987,0,0,0
14.849924,0,0,0
14.899953,0,0,0
14.950011,0,0,0
15.000115,0,0,0
15.04999,0,0,0
15.099918,0,0,0
15.149932,0,0,0
15.199958,0,0,0
15.250008,0,0,0
15.299935,0,0,0
15.349939,0,0,0
15.399995,0,0,0
15.450066,0,0,0
15.500011,0,0,0
15.549925,0,0,0
15.599941,0,0,0
15.649929,0,0,0
15.699983,0,0,0
15.749952,0,0,0
15.799988,0,0,0
15.849925,0,0,0
15.900011,0,0,0
15.949933,0,0,0
15.999933,0,0,0
16.04997,3.105,0,0
16.099998,3.105,10.7512281922851,9.6342174710087
16.150088,3.105,18.2910505609006,18.151424220741
16.200027,3.105,19.8269403026556,20.2458193231342
16.249984,3.105,20.1061929829747,20.943951023932
16.299936,3.105,20.3854456632938,21.0835773640915
16.349952,3.105,20.5250720034533,21.3628300444106
16.400005,3.105,20.8043246837724,21.5024563845701
16.449922,3.105,20.6646983436129,21.3628300444106
16.499973,3.105,20.6646983436129,21.5024563845701
16.549956,3.105,20.8043246837724,21.5024563845701
16.60004,3.105,20.8043246837724,21.6420827247297
16.650014,3.105,20.8043246837724,21.5024563845701
16.699928,3.105,20.8043246837724,21.6420827247297
16.749933,3.105,20.943951023932,21.5024563845701
16.80004,3.105,20.943951023932,21.7817090648892
16.849975,3.105,20.943951023932,21.6420827247297
16.899969,3.105,20.8043246837724,21.6420827247297
16.949971,3.105,20.943951023932,21.7817090648892
17.000006,0,20.8043246837724,21.6420827247297
17.049979,0,16.7551608191456,18.4306769010601
17.100001,0,9.35496479068961,12.4267442741996
17.149988,0,2.65290046303138,6.98131700797732
17.199957,0,0,2.0943951023932
17.249959,0,0,0
17.299929,0,0,0
17.349923,0,0,0
17.399967,0,0,0
17.449955,0,0,0
17.500041,0,0,0
17.550048,0,0,0
17.599926,0,0,0
17.649919,0,0,0
17.700014,0,0,0
17.749978,0,0,0
17.799928,0,0,0
17.849934,0,0,0
17.899931,0,0,0
17.950023,0,0,0
17.999994,0,0,0
18.049992,0,0,0
18.09993,0,0,0
18.150023,0,0,0
18.199948,0,0,0
18.250036,0,0,0
18.299936,0,0,0
18.349998,0,0,0
18.399998,0,0,0
18.449984,0,0,0
18.499954,0,0,0
18.549924,0,0,0
18.599973,0,0,0
18.650081,0,0,0
18.700005,0,0,0
18.749966,0,0,0
18.799932,0,0,0
18.849955,0,0,0
18.900015,0,0,0
18.949951,0,0,0
18.999983,0,0,0
19.049972,0,0,0
19.100091,0,0,0
19.150029,0,0,0
19.199945,0,0,0
19.249971,0,0,0
19.300013,0,0,0
19.349944,0,0,0
19.399977,0,0,0
19.44997,0,0,0
19.499944,0,0,0
19.550009,0,0,0
19.599999,0,0,0
19.649936,0,0,0
19.699951,0,0,0
19.750032,0,0,0
19.799989,0,0,0
19.850041,0,0,0
19.899924,0,0,0
19.950012,0,0,0
19.999961,0,0,0
20.049952,0,0,0
20.099949,0,0,0
20.149984,0,0,0
20.200018,0,0,0
20.249935,0,0,0
20.300004,0,0,0
20.349926,0,0,0
20.399983,0,0,0
20.450001,0,0,0
20.499955,0,0,0
20.549973,0,0,0
20.599952,0,0,0
20.649982,0,0,0
20.699964,0,0,0
20.749979,0,0,0
20.799932,0,0,0
20.849966,0,0,0
20.899975,0,0,0
20.949922,0,0,0
20.999927,3.105,0,0
21.049995,3.105,10.6116018521255,9.91347015132779
21.099984,3.105,18.2910505609006,18.151424220741
21.150055,3.105,19.8269403026556,20.2458193231342
21.200006,3.105,20.2458193231342,20.8043246837724
21.249975,3.105,20.2458193231342,21.0835773640915
21.299997,3.105,20.5250720034533,21.3628300444106
21.35006,3.105,20.5250720034533,21.5024563845701
21.400009,3.105,20.5250720034533,21.5024563845701
21.449969,3.105,20.6646983436129,21.5024563845701
21.499976,3.105,20.6646983436129,21.7817090648892
21.549918,3.105,20.5250720034533,21.3628300444106
21.600053,3.105,20.8043246837724,21.6420827247297
21.649968,3.105,20.6646983436129,21.5024563845701
21.699944,3.105,20.8043246837724,21.6420827247297
21.749949,3.105,20.8043246837724,21.6420827247297
21.80004,3.105,20.8043246837724,21.6420827247297
21.849973,3.105,20.8043246837724,21.5024563845701
21.899952,3.105,20.943951023932,21.6420827247297
21.949957,3.105,20.943951023932,21.6420827247297
21.999918,0,20.6646983436129,21.7817090648892
22.049988,0,16.615534478986,18.4306769010601
22.100013,0,9.21533845053006,12.4267442741996
22.149965,0,2.65290046303138,6.98131700797732
22.199937,0,0,1.95476876223365
22.249955,0,0,0
22.299977,0,0,0
22.349975,0,0,0
22.399928,0,0,0
22.449967,0,0,0
22.500076,0,0,0
22.550046,0,0,0
22.599958,0,0,0
22.649946,0,0,0
22.699943,0,0,0
22.74997,0,0,0
22.799978,0,0,0
22.849977,0,0,0
22.899934,0,0,0
22.950017,0,0,0
23.000031,0,0,0
23.049918,0,0,0
23.099915,0,0,0
23.149943,0,0,0
23.199951,0,0,0
23.249966,0,0,0
23.299972,0,0,0
23.349925,0,0,0
23.400004,0,0,0
23.449941,0,0,0
23.499949,0,0,0
23.549967,0,0,0
23.599996,0,0,0
23.649941,0,0,0
23.699922,0,0,0
23.749988,0,0,0
23.799918,0,0,0
23.85,0,0,0
23.899962,0,0,0
23.949961,0,0,0
23.999971,0,0,0
24.049949,0,0,0
24.099949,0,0,0
24.149948,0,0,0
24.199925,0,0,0
24.249996,0,0,0
24.299986,0,0,0
24.349997,0,0,0
24.399963,0,0,0
24.44992,0,0,0
24.499983,0,0,0
24.549942,0,0,0
24.600027,0,0,0
24.64997,0,0,0
24.699968,0,0,0
24.749968,0,0,0
24.799925,0,0,0
24.849924,0,0,0
24.899944,0,0,0
24.949961,0,0,0
25.000034,0,0,0
25.05003,0,0,0
25.099985,0,0,0
25.149946,0,0,0
25.199958,0,0,0
25.249976,0,0,0
25.299978,0,0,0
25.349922,0,0,0
25.399951,0,0,0
25.450082,0,0,0
25.500035,0,0,0
25.549933,0,0,0
25.599947,0,0,0
25.649951,0,0,0
25.699945,0,0,0
25.749954,0,0,0
25.799959,0,0,0
25.849925,0,0,0
25.900043,0,0,0
25.949966,0,0,0
25.999941,0,0,0
26.049984,0,0,0
26.09994,0,0,0
26.149942,0,0,0
26.199926,0,0,0
26.249953,0,0,0
26.299998,0,0,0
26.350012,0,0,0
26.399961,0,0,0
26.449959,0,0,0
26.499972,0,0,0
26.55001,0,0,0
26.59995,0,0,0
26.64997,0,0,0
26.699971,0,0,0
26.749918,0,0,0
26.800009,0,0,0
26.849992,0,0,0
26.899987,0,0,0
26.949987,0,0,0
27.000004,3.105,0,0
27.049943,3.105,10.6116018521255,10.0530964914873
27.100027,3.105,18.4306769010601,18.151424220741
27.149985,3.105,19.8269403026556,20.1061929829747
27.199974,3.105,20.2458193231342,20.6646983436129
27.250011,3.105,20.5250720034533,21.223203704251
27.299934,3.105,20.3854456632938,21.223203704251
27.349956,3.105,20.6646983436129,21.3628300444106
27.39996,3.105,20.6646983436129,21.3628300444106
27.450028,3.105,20.6646983436129,21.3628300444106
27.499942,3.105,20.6646983436129,21.3628300444106
27.550009,3.105,20.8043246837724,21.5024563845701
27.599949,3.105,20.6646983436129,21.5024563845701
27.650001,3.105,20.8043246837724,21.5024563845701
27.700014,3.105,20.8043246837724,21.6420827247297
27.749946,3.105,20.8043246837724,21.5024563845701
27.799973,3.105,20.8043246837724,21.6420827247297
27.849949,3.105,20.943951023932,21.5024563845701
27.900025,3.105,20.8043246837724,21.5024563845701
27.949934,3.105,20.6646983436129,21.5024563845701
27.999919,3.105,20.8043246837724,21.6420827247297
28.050036,0,20.8043246837724,21.6420827247297
28.099975,0,16.7551608191456,18.4306769010601
28.150024,0,9.49459113084915,12.5663706143592
28.199979,0,2.79252680319093,6.84169066781777
28.249986,0,0,2.0943951023932
28.299984,0,0,0
28.350027,0,0,0
28.399935,0,0,0
28.450028,0,0,0
28.499971,0,0,0
28.549987,0,0,0
28.600014,0,0,0
28.649964,0,0,0
28.699963,0,0,0
28.749947,0,0,0
28.800018,0,0,0
28.849991,0,0,0
28.900019,0,0,0
28.949921,0,0,0
28.999995,0,0,0
29.05009,0,0,0
29.09998,0,0,0
29.149975,0,0,0
29.199925,0,0,0
29.249965,0,0,0
29.299959,0,0,0
29.349982,0,0,0
29.399924,0,0,0
29.449997,0,0,0
29.499964,0,0,0
29.550007,0,0,0
29.599919,0,0,0
29.649984,0,0,0
29.699953,0,0,0
29.750046,0,0,0
29.800018,0,0,0
29.849989,0,0,0
29.899959,0,0,0
29.94994,0,0,0
30.000001,3.105,0,0
30.049981,3.105,10.8908545324446,10.0530964914873
30.099988,3.105,18.4306769010601,18.151424220741
30.149957,3.105,19.687313962496,20.2458193231342
30.200048,3.105,20.2458193231342,21.0835773640915
30.24999,3.105,20.2458193231342,21.0835773640915
30.299966,3.105,20.3854456632938,21.3628300444106
30.349948,3.105,20.5250720034533,21.5024563845701
30.400057,3.105,20.6646983436129,21.5024563845701
30.449987,3.105,20.6646983436129,21.3628300444106
30.499941,3.105,20.6646983436129,21.6420827247297
30.549917,3.105,20.6646983436129,21.5024563845701
30.599937,3.105,20.6646983436129,21.5024563845701
30.650028,3.105,20.8043246837724,21.5024563845701
30.699999,3.105,20.8043246837724,21.5024563845701
30.749973,3.105,20.8043246837724,21.5024563845701
30.799969,3.105,20.8043246837724,21.6420827247297
30.850018,3.105,20.943951023932,21.6420827247297
30.899953,3.105,20.8043246837724,21.5024563845701
30.94997,3.105,20.8043246837724,21.6420827247297
30.999971,3.105,20.8043246837724,21.3628300444106
31.049989,3.105,20.943951023932,21.5024563845701
31.100044,3.105,20.8043246837724,21.3628300444106
31.150067,3.105,20.8043246837724,21.5024563845701
31.199947,3.105,20.8043246837724,21.5024563845701
31.249942,3.105,20.8043246837724,21.5024563845701
31.300035,3.105,20.8043246837724,21.6420827247297
31.349987,3.105,20.943951023932,21.6420827247297
31.399984,3.105,20.8043246837724,21.6420827247297
31.449979,3.105,20.943951023932,21.5024563845701
31.49997,3.105,20.943951023932,21.6420827247297
31.550056,3.105,20.943951023932,21.6420827247297
31.600001,3.105,20.943951023932,21.5024563845701
31.64995,3.105,20.943951023932,21.6420827247297
31.699984,3.105,20.8043246837724,21.5024563845701
31.750033,3.105,20.943951023932,21.6420827247297
31.799999,3.105,20.943951023932,21.6420827247297
31.849927,3.105,20.943951023932,21.6420827247297
31.89992,3.105,20.943951023932,21.6420827247297
31.949956,3.105,21.0835773640915,21.7817090648892
32.000044,3.105,20.943951023932,21.7817090648892
32.04999,3.105,20.943951023932,21.6420827247297
32.099967,3.105,20.943951023932,21.6420827247297
32.149988,3.105,20.8043246837724,21.6420827247297
32.199944,3.105,20.943951023932,21.6420827247297
32.249975,3.105,21.0835773640915,21.6420827247297
32.299983,3.105,20.943951023932,21.7817090648892
32.349912,3.105,20.943951023932,21.7817090648892
32.399949,3.105,21.0835773640915,21.7817090648892
32.450047,3.105,21.0835773640915,21.7817090648892
32.499962,3.105,20.943951023932,21.7817090648892
32.549911,3.105,20.943951023932,21.7817090648892
32.599988,3.105,21.0835773640915,21.7817090648892
32.650029,3.105,20.943951023932,21.9213354050488
32.699969,3.105,21.0835773640915,21.7817090648892
32.749957,3.105,20.943951023932,21.9213354050488
32.799989,3.105,21.0835773640915,21.6420827247297
32.849951,3.105,20.943951023932,21.7817090648892
32.900025,3.105,21.0835773640915,21.7817090648892
32.949957,3.105,20.943951023932,21.6420827247297
32.999944,0,20.943951023932,21.7817090648892
33.049967,0,16.8947871593051,18.5703032412197
33.099934,0,9.6342174710087,12.5663706143592
33.149962,0,2.93215314335047,7.12094334813686
33.199915,0,0,1.95476876223365
33.24992,0,0,0
33.300001,0,0,0
33.35001,0,0,0
33.399959,0,0,0
33.449976,0,0,0
33.499971,0,0,0
33.550007,0,0,0
33.600081,0,0,0
33.650049,0,0,0
33.699958,0,0,0
33.749956,0,0,0
33.799979,0,0,0
33.850001,0,0,0
33.899984,0,0,0
33.949935,0,0,0
34.000013,0,0,0
34.050116,3.105,0,0
34.10004,3.105,10.6116018521255,9.91347015132779
34.149959,3.105,18.2910505609006,18.151424220741
34.199985,3.105,19.9665666428151,20.2458193231342
34.249989,3.105,20.3854456632938,21.0835773640915
34.299978,3.105,20.5250720034533,21.3628300444106
34.349973,3.105,20.8043246837724,21.5024563845701
34.399962,3.105,20.8043246837724,21.5024563845701
34.449989,3.105,20.943951023932,21.6420827247297
34.500064,3.105,20.943951023932,21.6420827247297
34.550026,3.105,20.943951023932,21.6420827247297
34.599927,3.105,20.8043246837724,21.6420827247297
34.649943,3.105,20.943951023932,21.7817090648892
34.699965,3.105,20.943951023932,21.6420827247297
34.750014,3.105,20.943951023932,21.7817090648892
34.799984,3.105,20.943951023932,21.6420827247297
34.849916,3.105,21.0835773640915,21.6420827247297
34.899982,3.105,21.0835773640915,21.6420827247297
34.950072,3.105,20.943951023932,21.7817090648892
35.00002,3.105,21.0835773640915,21.7817090648892
35.049961,3.105,20.943951023932,21.7817090648892
35.099972,3.105,20.943951023932,21.6420827247297
35.149955,3.105,21.0835773640915,21.6420827247297
35.199969,3.105,20.943951023932,21.6420827247297
35.249974,3.105,20.943951023932,21.7817090648892
35.299974,3.105,20.943951023932,21.6420827247297
35.349963,3.105,21.0835773640915,21.7817090648892
35.400051,3.105,20.943951023932,21.7817090648892
35.449964,3.105,20.943951023932,21.7817090648892
35.499929,3.105,21.0835773640915,21.7817090648892
35.549924,3.105,20.943951023932,21.7817090648892
35.600051,3.105,21.0835773640915,21.7817090648892
35.649982,3.105,21.0835773640915,21.7817090648892
35.699927,3.105,20.943951023932,21.7817090648892
35.749976,3.105,21.0835773640915,21.7817090648892
35.800009,3.105,20.943951023932,21.7817090648892
35.850003,3.105,21.0835773640915,21.7817090648892
35.899966,3.105,21.0835773640915,21.7817090648892
35.949922,3.105,21.0835773640915,21.7817090648892
35.999984,0,21.0835773640915,21.9213354050488
36.049946,0,17.1740398396242,18.7099295813792
36.099926,0,9.91347015132779,12.8456232946783
36.202383,0,3.63028484414821,9.6342174710087
36.249956,0,0,0
36.300021,0,0,0
36.349979,0,0,0
36.399953,0,0,0
36.449952,0,0,0
36.50001,0,0,0
36.549996,0,0,0
36.599953,0,0,0
36.649967,0,0,0
36.699931,0,0,0
36.74999,0,0,0
36.799938,0,0,0
36.849933,0,0,0
36.899923,0,0,0
36.94992,0,0,0
36.999979,0,0,0
37.050003,0,0,0
37.099931,0,0,0
37.149979,0,0,0
37.200045,0,0,0
37.249978,0,0,0
37.299919,0,0,0
37.349966,0,0,0
37.399932,0,0,0
37.450037,0,0,0
37.499966,0,0,0
37.549992,0,0,0
37.599957,0,0,0
37.650033,0,0,0
37.699926,0,0,0
37.749936,0,0,0
37.799935,0,0,0
37.849917,0,0,0
37.899986,0,0,0
37.94998,0,0,0
37.999993,0,0,0
38.049935,0,0,0
38.100047,0,0,0
38.149962,0,0,0
38.199919,0,0,0
38.24996,0,0,0
38.299928,0,0,0
38.350024,0,0,0
38.400007,0,0,0
38.449919,0,0,0
38.499978,0,0,0
38.55001,0,0,0
38.59995,0,0,0
38.649947,0,0,0
38.699964,0,0,0
38.749919,0,0,0
38.8,0,0,0
38.849923,0,0,0
38.899954,0,0,0
38.949945,0,0,0
38.999951,3.105,0,0
39.049962,3.105,10.7512281922851,9.77384381116824
39.099939,3.105,18.5703032412197,18.151424220741
39.149957,3.105,20.1061929829747,20.3854456632938
39.200004,3.105,20.3854456632938,20.943951023932
39.24999,3.105,20.5250720034533,21.223203704251
39.299979,3.105,20.8043246837724,21.5024563845701
39.349925,3.105,20.8043246837724,21.3628300444106
39.399935,3.105,20.943951023932,21.6420827247297
39.449969,3.105,20.943951023932,21.5024563845701
39.500076,3.105,21.0835773640915,21.6420827247297
39.549959,3.105,20.943951023932,21.5024563845701
39.599963,3.105,21.0835773640915,21.5024563845701
39.649933,3.105,20.943951023932,21.6420827247297
39.699945,3.105,21.0835773640915,21.5024563845701
39.750001,3.105,21.0835773640915,21.6420827247297
39.799945,3.105,20.943951023932,21.6420827247297
39.849922,3.105,21.0835773640915,21.5024563845701
39.899929,3.105,20.943951023932,21.6420827247297
39.950035,3.105,21.0835773640915,21.3628300444106
39.999999,3.105,21.0835773640915,21.5024563845701
40.049984,3.105,21.0835773640915,21.5024563845701
40.099935,3.105,21.0835773640915,21.5024563845701
40.149944,3.105,21.0835773640915,21.6420827247297
40.199933,3.105,21.223203704251,21.5024563845701
40.249981,3.105,21.0835773640915,21.6420827247297
40.299912,3.105,21.0835773640915,21.5024563845701
40.349929,3.105,21.0835773640915,21.7817090648892
40.400033,3.105,20.943951023932,21.6420827247297
40.449994,3.105,21.0835773640915,21.6420827247297
40.499982,3.105,20.943951023932,21.7817090648892
40.549959,3.105,20.943951023932,21.5024563845701
40.600024,3.105,21.0835773640915,21.7817090648892
40.649962,3.105,20.943951023932,21.6420827247297
40.700022,3.105,21.0835773640915,21.6420827247297
40.74997,3.105,21.0835773640915,21.7817090648892
40.799918,3.105,21.0835773640915,21.7817090648892
40.850009,3.105,21.0835773640915,21.7817090648892
40.899937,3.105,20.943951023932,21.7817090648892
40.94995,3.105,21.0835773640915,21.7817090648892
40.999964,3.105,20.943951023932,21.9213354050488
41.049987,3.105,21.0835773640915,21.9213354050488
41.099992,3.105,21.0835773640915,21.7817090648892
41.14995,3.105,20.943951023932,21.7817090648892
41.19996,3.105,21.223203704251,21.7817090648892
41.249935,3.105,21.0835773640915,21.6420827247297
41.300034,3.105,21.223203704251,21.6420827247297
41.349972,3.105,21.0835773640915,21.6420827247297
41.399938,3.105,21.0835773640915,21.7817090648892
41.449955,3.105,20.943951023932,21.7817090648892
41.500033,3.105,21.0835773640915,21.9213354050488
41.549977,3.105,20.943951023932,21.7817090648892
41.599953,3.105,21.223203704251,21.7817090648892
41.649913,3.105,20.943951023932,21.7817090648892
41.699987,3.105,21.223203704251,21.7817090648892
41.749983,3.105,21.0835773640915,21.9213354050488
41.799939,3.105,21.0835773640915,21.7817090648892
41.849952,3.105,21.0835773640915,21.6420827247297
41.899959,3.105,21.0835773640915,21.7817090648892
41.949986,3.105,21.0835773640915,21.7817090648892
42.000062,3.105,20.943951023932,21.7817090648892
42.049914,3.105,20.943951023932,21.7817090648892
42.099963,3.105,20.943951023932,21.7817090648892
42.149982,3.105,20.943951023932,21.7817090648892
42.199991,3.105,21.0835773640915,21.7817090648892
42.249971,3.105,21.0835773640915,21.7817090648892
42.299957,3.105,20.943951023932,21.6420827247297
42.349957,3.105,21.223203704251,21.7817090648892
42.399969,3.105,21.0835773640915,21.7817090648892
42.450059,3.105,21.0835773640915,21.9213354050488
42.50001,3.105,21.0835773640915,21.7817090648892
42.549932,3.105,21.223203704251,21.7817090648892
42.599934,3.105,21.0835773640915,21.9213354050488
42.649944,3.105,21.0835773640915,21.7817090648892
42.69996,3.105,21.223203704251,21.6420827247297
42.749989,3.105,21.0835773640915,21.7817090648892
42.799984,3.105,21.0835773640915,21.7817090648892
42.84997,3.105,21.223203704251,21.9213354050488
42.900033,3.105,21.0835773640915,21.9213354050488
42.949999,3.105,20.943951023932,21.9213354050488
42.99993,3.105,21.0835773640915,21.7817090648892
43.049952,3.105,20.943951023932,21.7817090648892
43.099952,3.105,21.0835773640915,21.9213354050488
43.149995,3.105,21.0835773640915,21.9213354050488
43.199968,3.105,21.0835773640915,21.9213354050488
43.249967,3.105,21.223203704251,22.0609617452083
43.299926,3.105,21.0835773640915,21.7817090648892
43.350014,3.105,21.223203704251,21.9213354050488
43.399996,3.105,21.0835773640915,21.9213354050488
43.44993,3.105,21.223203704251,21.9213354050488
43.499965,3.105,21.0835773640915,21.9213354050488
43.550025,3.105,21.0835773640915,21.7817090648892
43.599948,3.105,20.943951023932,21.7817090648892
43.649953,3.105,21.223203704251,21.9213354050488
43.699944,3.105,21.0835773640915,21.9213354050488
43.749986,3.105,21.0835773640915,21.7817090648892
43.800013,3.105,21.0835773640915,21.9213354050488
43.85,3.105,21.0835773640915,21.7817090648892
43.899918,3.105,21.0835773640915,21.7817090648892
43.949952,3.105,21.223203704251,21.9213354050488
43.999936,3.105,21.0835773640915,21.7817090648892
44.050071,0,21.223203704251,21.9213354050488
44.100023,0,17.3136661797837,18.8495559215388
44.149953,0,10.0530964914873,12.9852496348378
44.199987,0,3.63028484414821,7.5398223686155
44.250005,0,0,2.65290046303138
44.29993,0,0,0
44.349955,0,0,0
44.399971,0,0,0
44.45,0,0,0
44.499932,0,0,0
44.549945,0,0,0
44.599979,0,0,0
44.650002,0,0,0
44.699994,0,0,0
44.749949,0,0,0
44.799927,0,0,0
44.849959,0,0,0
44.900017,0,0,0
44.949968,0,0,0
44.999987,0,0,0
45.049979,0,0,0
45.099957,0,0,0
45.150033,0,0,0
45.200017,0,0,0
45.249993,0,0,0
45.299976,0,0,0
45.350052,0,0,0
45.399984,0,0,0
45.449929,0,0,0
45.499956,0,0,0
45.549941,0,0,0
45.600033,0,0,0
45.65001,0,0,0
45.699961,0,0,0
45.749963,0,0,0
45.800031,0,0,0
45.850008,0,0,0
45.900018,0,0,0
45.949947,0,0,0
45.999921,0,0,0
46.050094,0,0,0
46.099953,3.105,9.6342174710087,8.79645943005142
46.149963,3.105,18.2910505609006,18.0117978805815
46.199955,3.105,20.2458193231342,20.2458193231342
46.250034,3.105,20.5250720034533,21.0835773640915
46.299935,3.105,20.6646983436129,21.223203704251
46.34997,3.105,20.8043246837724,21.5024563845701
46.399939,3.105,20.943951023932,21.3628300444106
46.449938,3.105,20.8043246837724,21.3628300444106
46.500017,3.105,21.0835773640915,21.5024563845701
46.550004,3.105,20.943951023932,21.5024563845701
46.599932,3.105,20.943951023932,21.5024563845701
46.649983,3.105,21.0835773640915,21.6420827247297
46.700009,3.105,21.0835773640915,21.6420827247297
46.749936,3.105,20.943951023932,21.5024563845701
46.799918,3.105,21.0835773640915,21.6420827247297
46.849934,3.105,21.0835773640915,21.6420827247297
46.89998,3.105,21.0835773640915,21.7817090648892
46.95001,3.105,21.0835773640915,21.6420827247297
47.000076,3.105,20.943951023932,21.7817090648892
47.049971,0,21.0835773640915,21.6420827247297
47.099959,0,17.1740398396242,18.7099295813792
47.150056,0,10.0530964914873,12.8456232946783
47.19995,0,3.76991118430775,7.40019602845596
47.249956,0,0,2.37364778271229
47.299986,0,0,0
47.349985,0,0,0
47.399993,0,0,0
47.449953,0,0,0
47.499961,0,0,0
47.549929,0,0,0
47.599968,0,0,0
47.64996,0,0,0
47.699926,0,0,0
47.74995,0,0,0
47.799982,0,0,0
47.849998,0,0,0
47.899933,0,0,0
47.94998,0,0,0
47.99995,3.105,0,0
48.050049,3.105,11.0304808726042,10.1927228316469
48.099983,3.105,18.8495559215388,18.2910505609006
48.150024,3.105,20.1061929829747,20.5250720034533
48.199924,3.105,20.6646983436129,21.0835773640915
48.249993,3.105,20.943951023932,21.3628300444106
48.299982,3.105,20.943951023932,21.5024563845701
48.350007,3.105,20.943951023932,21.5024563845701
48.399956,3.105,20.943951023932,21.5024563845701
48.449935,3.105,20.8043246837724,21.5024563845701
48.499986,3.105,20.943951023932,21.6420827247297
48.550063,3.105,21.0835773640915,21.7817090648892
48.599985,3.105,20.8043246837724,21.6420827247297
48.649989,3.105,20.943951023932,21.6420827247297
48.69992,3.105,20.943951023932,21.7817090648892
48.749937,3.105,20.943951023932,21.7817090648892
48.800006,3.105,21.0835773640915,21.7817090648892
48.84997,3.105,20.943951023932,21.7817090648892
48.899952,3.105,21.0835773640915,21.7817090648892
48.950005,3.105,20.943951023932,21.7817090648892
49.000002,3.105,21.0835773640915,21.7817090648892
49.05003,3.105,21.0835773640915,21.7817090648892
49.099954,3.105,21.0835773640915,21.9213354050488
49.149923,3.105,21.0835773640915,21.7817090648892
49.200044,3.105,21.0835773640915,21.6420827247297
49.250006,3.105,21.0835773640915,21.7817090648892
49.299978,3.105,21.0835773640915,21.7817090648892
49.349989,3.105,21.0835773640915,21.7817090648892
49.399952,3.105,20.943951023932,21.7817090648892
49.450055,3.105,21.0835773640915,21.9213354050488
49.499993,3.105,20.943951023932,21.7817090648892
49.549994,3.105,20.943951023932,21.7817090648892
49.599968,3.105,21.0835773640915,21.7817090648892
49.650058,3.105,20.943951023932,21.9213354050488
49.69994,3.105,20.943951023932,21.7817090648892
49.74996,3.105,21.0835773640915,21.9213354050488
49.799917,3.105,21.0835773640915,21.7817090648892
49.849978,3.105,21.223203704251,22.0609617452083
49.900087,3.105,21.0835773640915,21.9213354050488
49.950009,3.105,21.0835773640915,21.7817090648892
49.999932,3.105,21.0835773640915,21.7817090648892
50.04993,3.105,21.0835773640915,21.9213354050488
50.099977,3.105,21.0835773640915,21.9213354050488
50.149936,3.105,21.0835773640915,21.9213354050488
50.199945,3.105,21.223203704251,21.9213354050488
50.249942,3.105,21.0835773640915,22.0609617452083
50.299984,3.105,21.0835773640915,21.7817090648892
50.349929,3.105,21.0835773640915,22.0609617452083
50.399935,3.105,21.0835773640915,21.7817090648892
50.449936,3.105,21.0835773640915,21.9213354050488
50.499992,3.105,21.0835773640915,21.9213354050488
50.550017,3.105,21.0835773640915,22.0609617452083
50.600006,3.105,21.223203704251,21.9213354050488
50.64992,3.105,21.0835773640915,21.7817090648892
50.699956,3.105,21.223203704251,21.9213354050488
50.750034,3.105,21.223203704251,21.9213354050488
50.800003,3.105,21.0835773640915,21.9213354050488
50.85002,3.105,21.223203704251,22.0609617452083
50.899972,3.105,21.0835773640915,21.9213354050488
50.949923,3.105,21.0835773640915,21.9213354050488
51.00001,3.105,21.223203704251,22.0609617452083
51.049977,3.105,21.223203704251,21.9213354050488
51.099987,3.105,21.0835773640915,21.9213354050488
51.149918,3.105,21.223203704251,21.9213354050488
51.200047,3.105,21.223203704251,21.9213354050488
51.250006,3.105,21.223203704251,21.9213354050488
51.299928,3.105,21.223203704251,21.7817090648892
51.349967,3.105,21.223203704251,22.0609617452083
51.399925,3.105,21.0835773640915,21.9213354050488
51.450039,3.105,21.223203704251,21.9213354050488
51.499995,3.105,21.0835773640915,21.7817090648892
51.549929,3.105,21.0835773640915,21.9213354050488
51.599974,3.105,21.0835773640915,21.7817090648892
51.650056,3.105,20.943951023932,22.0609617452083
51.699976,3.105,21.0835773640915,21.9213354050488
51.749933,3.105,21.0835773640915,21.9213354050488
51.79998,3.105,21.223203704251,21.9213354050488
51.849941,3.105,21.0835773640915,21.9213354050488
51.900017,3.105,21.0835773640915,22.0609617452083
51.949988,3.105,21.223203704251,21.7817090648892
51.999976,3.105,21.0835773640915,21.9213354050488
52.05002,0,21.223203704251,21.9213354050488
52.099937,0,17.3136661797837,18.9891822616983
52.149935,0,10.1927228316469,13.1248759749974
52.199946,0,3.76991118430775,7.67944870877505
52.249945,0,0.139626340159546,2.65290046303138
52.300002,0,0,0
52.350012,0,0,0
52.399954,0,0,0
52.449941,0,0,0
52.499935,0,0,0
52.549969,0,0,0
52.600059,0,0,0
52.650017,0,0,0
52.699935,0,0,0
52.749926,0,0,0
52.79995,0,0,0
52.84995,0,0,0
52.899953,0,0,0
52.949935,0,0,0
52.999924,0,0,0
53.050073,0,0,0
53.100002,0,0,0
53.149925,0,0,0
53.199978,0,0,0
53.249932,0,0,0
53.299989,0,0,0
53.349945,0,0,0
53.39997,0,0,0
53.449935,0,0,0
53.500032,0,0,0
53.550023,0,0,0
53.599958,0,0,0
53.649938,0,0,0
53.700035,0,0,0
53.750004,0,0,0
53.799942,0,0,0
53.849982,0,0,0
53.899937,0,0,0
53.950042,0,0,0
54.000055,0,0,0
54.049917,0,0,0
54.099988,0,0,0
54.149939,0,0,0
54.199966,0,0,0
54.249962,0,0,0
54.299916,0,0,0
54.349917,0,0,0
54.400055,0,0,0
54.503627,0,0,0
54.549939,0,0,0
54.599938,0,0,0
54.65005,0,0,0
54.700044,0,0,0
54.749981,0,0,0
54.799983,0,0,0
54.850021,0,0,0
54.899988,0,0,0
54.949952,0,0,0
54.999996,3.105,0,0
55.04996,3.105,10.7512281922851,9.91347015132779
55.100048,3.105,18.5703032412197,18.2910505609006
55.149976,3.105,20.1061929829747,20.1061929829747
55.199986,3.105,20.5250720034533,21.0835773640915
55.249923,3.105,20.8043246837724,21.223203704251
55.299937,3.105,20.8043246837724,21.3628300444106
55.349936,3.105,20.943951023932,21.5024563845701
55.399965,3.105,20.943951023932,21.6420827247297
55.44996,3.105,20.943951023932,21.5024563845701
55.499925,3.105,21.0835773640915,21.5024563845701
55.550028,3.105,20.943951023932,21.6420827247297
55.59999,3.105,21.0835773640915,21.3628300444106
55.649975,3.105,21.0835773640915,21.5024563845701
55.699971,3.105,20.943951023932,21.5024563845701
55.750038,3.105,21.0835773640915,21.6420827247297
55.799951,3.105,21.0835773640915,21.5024563845701
55.849952,3.105,21.223203704251,21.6420827247297
55.899954,3.105,21.0835773640915,21.6420827247297
55.949936,3.105,21.223203704251,21.6420827247297
55.999959,3.105,21.223203704251,21.7817090648892
56.050009,3.105,21.223203704251,21.7817090648892
56.099988,3.105,21.223203704251,21.7817090648892
56.149933,3.105,21.0835773640915,21.7817090648892
56.199999,3.105,21.223203704251,21.9213354050488
56.249936,3.105,21.0835773640915,21.6420827247297
56.299936,3.105,21.223203704251,21.6420827247297
56.349948,3.105,21.0835773640915,21.7817090648892
56.399984,3.105,21.223203704251,21.9213354050488
56.449979,3.105,21.0835773640915,21.9213354050488
56.499933,3.105,21.223203704251,21.7817090648892
56.549952,3.105,21.0835773640915,21.9213354050488
56.599919,3.105,21.0835773640915,21.9213354050488
56.649964,3.105,21.0835773640915,21.9213354050488
56.700073,3.105,21.223203704251,21.9213354050488
56.749972,3.105,21.223203704251,21.7817090648892
56.799954,3.105,21.0835773640915,22.0609617452083
56.849993,3.105,21.223203704251,21.7817090648892
56.899939,3.105,21.0835773640915,21.6420827247297
56.949946,3.105,21.0835773640915,21.9213354050488
56.999984,3.105,21.223203704251,21.9213354050488
57.050065,3.105,21.223203704251,21.9213354050488
57.09999,3.105,21.0835773640915,21.9213354050488
57.150047,3.105,20.943951023932,22.0609617452083
57.200009,3.105,21.0835773640915,21.9213354050488
57.24994,3.105,20.943951023932,21.9213354050488
57.299981,3.105,21.223203704251,22.0609617452083
57.349942,3.105,21.0835773640915,21.9213354050488
57.400011,3.105,21.0835773640915,22.0609617452083
57.449959,3.105,21.0835773640915,21.9213354050488
57.499949,3.105,21.0835773640915,22.0609617452083
57.549918,3.105,21.223203704251,21.9213354050488
57.600023,3.105,21.0835773640915,21.9213354050488
57.650045,3.105,21.0835773640915,22.0609617452083
57.699993,3.105,21.0835773640915,21.9213354050488
57.749951,3.105,21.0835773640915,21.9213354050488
57.800023,3.105,21.223203704251,21.7817090648892
57.849947,3.105,21.0835773640915,21.9213354050488
57.899941,3.105,21.0835773640915,21.7817090648892
57.949949,3.105,21.223203704251,21.9213354050488
57.999921,3.105,21.0835773640915,21.9213354050488
58.050082,3.105,21.223203704251,21.9213354050488
58.099981,3.105,20.943951023932,21.7817090648892
58.149978,3.105,21.223203704251,21.9213354050488
58.199972,3.105,21.223203704251,21.7817090648892
58.250054,3.105,21.223203704251,21.9213354050488
58.299931,3.105,21.0835773640915,21.9213354050488
58.34997,3.105,21.0835773640915,21.9213354050488
58.399934,3.105,21.223203704251,21.7817090648892
58.449942,3.105,21.0835773640915,21.9213354050488
58.500029,3.105,21.223203704251,21.9213354050488
58.549969,3.105,21.223203704251,21.9213354050488
58.599922,3.105,21.223203704251,21.7817090648892
58.649919,3.105,21.223203704251,21.9213354050488
58.699935,3.105,21.0835773640915,21.9213354050488
58.74995,3.105,21.223203704251,22.0609617452083
58.799966,3.105,21.223203704251,21.9213354050488
58.849981,3.105,21.223203704251,21.9213354050488
58.899916,3.105,21.0835773640915,21.9213354050488
58.950026,3.105,21.223203704251,22.0609617452083
58.999948,3.105,21.0835773640915,21.9213354050488
59.050238,3.105,21.3628300444106,22.0609617452083
59.099948,3.105,21.0835773640915,21.9213354050488
59.150032,3.105,21.223203704251,21.9213354050488
59.199949,3.105,21.0835773640915,22.0609617452083
59.249931,3.105,21.223203704251,21.9213354050488
59.29994,3.105,21.0835773640915,21.9213354050488
59.349979,3.105,21.223203704251,21.9213354050488
59.399994,3.105,21.0835773640915,21.9213354050488
59.449958,3.105,21.223203704251,21.7817090648892
59.499969,3.105,21.223203704251,21.7817090648892
59.549959,3.105,21.223203704251,22.0609617452083
59.600005,3.105,21.223203704251,21.9213354050488
59.650073,3.105,21.3628300444106,22.0609617452083
59.700027,3.105,21.0835773640915,21.9213354050488
59.749986,3.105,21.223203704251,22.0609617452083
59.799955,3.105,20.943951023932,22.0609617452083
59.849939,3.105,21.0835773640915,21.9213354050488
59.899984,3.105,21.223203704251,21.9213354050488
59.949923,3.105,21.0835773640915,22.0609617452083
59.999921,3.105,21.0835773640915,21.9213354050488
60.050016,3.105,21.0835773640915,21.9213354050488
60.100069,3.105,21.223203704251,22.0609617452083
60.149961,3.105,21.0835773640915,22.0609617452083
60.199937,3.105,21.223203704251,21.9213354050488
60.249916,3.105,21.0835773640915,21.9213354050488
60.29993,3.105,21.223203704251,22.0609617452083
60.349974,3.105,21.0835773640915,22.0609617452083
60.400018,3.105,21.223203704251,22.0609617452083
60.449966,3.105,21.0835773640915,22.0609617452083
60.499925,3.105,21.223203704251,22.0609617452083
60.550035,3.105,21.223203704251,22.0609617452083
60.599979,3.105,21.0835773640915,22.2005880853679
60.64998,3.105,21.3628300444106,22.2005880853679
60.699975,3.105,21.0835773640915,22.0609617452083
60.750013,3.105,21.223203704251,22.0609617452083
60.799988,3.105,21.223203704251,21.9213354050488
60.85001,3.105,21.223203704251,22.2005880853679
60.899949,3.105,21.0835773640915,22.0609617452083
60.949994,3.105,21.223203704251,22.0609617452083
60.99994,3.105,21.0835773640915,22.0609617452083
61.049971,3.105,21.0835773640915,22.0609617452083
61.09993,3.105,21.223203704251,22.0609617452083
61.149961,3.105,21.223203704251,22.0609617452083
61.200009,3.105,21.0835773640915,22.0609617452083
61.249919,3.105,21.0835773640915,21.9213354050488
61.299925,3.105,20.943951023932,22.0609617452083
61.349987,3.105,21.0835773640915,21.9213354050488
61.399988,3.105,21.0835773640915,22.0609617452083
61.505369,3.105,44.2615498305762,46.4955712731289
61.549949,3.105,18.7099295813792,19.5476876223365
61.599954,3.105,21.0835773640915,22.0609617452083
61.649952,3.105,21.0835773640915,22.0609617452083
61.700048,3.105,21.0835773640915,22.0609617452083
61.749996,3.105,21.0835773640915,22.0609617452083
61.799937,3.105,21.0835773640915,21.9213354050488
61.849928,3.105,21.0835773640915,22.0609617452083
61.900021,3.105,21.223203704251,22.0609617452083
61.949932,3.105,21.0835773640915,21.9213354050488
62.000051,3.105,21.223203704251,22.0609617452083
62.050027,0,21.223203704251,21.9213354050488
62.099953,0,17.3136661797837,19.1288086018579
62.150022,0,10.3323491718064,13.2645023151569
62.200021,0,3.9095375244673,7.95870138909414
62.249917,0,0,2.65290046303138
62.299988,0,0,0
62.35002,0,0,0
62.399945,0,0,0
62.449922,0,0,0
62.49997,0,0,0
62.549984,0,0,0
62.599989,0,0,0
62.649992,0,0,0
62.699948,0,0,0
62.749951,0,0,0
62.800004,0,0,0
62.849986,0,0,0
62.90002,0,0,0
62.949953,0,0,0
62.999975,0,0,0
