t,wl,wr,u
0.0,0.0,0.0,0.0
0.014240000000000919,0.0,0.0,0.0
0.027453999999998757,0.0,0.0,0.0
0.04268199999999922,0.0,0.0,0.0
0.056896000000001834,0.0,0.0,0.0
0.0721349999999994,0.0,0.0,0.0
0.08736100000000135,0.0,0.0,0.0
0.10258200000000173,0.0,0.0,0.0
0.11680499999999938,0.0,0.0,0.0
0.13202700000000078,0.0,0.0,0.0
0.14724800000000116,0.0,0.0,0.0
0.16048999999999936,0.0,0.0,0.0
0.1757370000000016,0.0,0.0,0.0
0.289161,0.0,0.0,0.0
0.3024860000000018,0.0,0.0,0.0
0.4158930000000005,0.0,0.0,0.0
0.43018100000000103,0.0,0.0,0.0
0.44439399999999907,0.0,0.0,0.0
0.45965200000000195,0.0,0.0,0.0
0.47286800000000184,0.0,0.0,0.0
0.487090000000002,0.0,0.0,0.0
0.5003239999999991,0.0,0.0,0.0
0.5135480000000001,0.0,0.0,0.0
0.5277689999999993,0.0,0.0,0.0
0.5420149999999992,0.0,0.0,0.0
0.6554110000000009,0.0,0.0,0.0
0.6697650000000017,0.0,0.0,0.0
0.6849960000000017,0.0,0.0,0.0
0.6992429999999992,0.0,0.0,0.0
0.7134430000000016,0.0,0.0,0.0
0.726662000000001,0.0,0.0,0.0
0.7408910000000013,0.0,0.0,0.0
0.755113999999999,0.0,0.0,0.0
0.7683360000000015,0.0,0.0,0.0
0.7815709999999996,0.0,0.0,0.0
0.8950870000000002,0.0,0.0,0.0
1.0087459999999986,0.0,0.0,0.0
1.0258719999999997,0.0,0.0,0.0
1.0411140000000003,0.0,0.0,0.0
1.0553039999999996,0.0,0.0,0.0
1.0705419999999997,0.0,0.0,0.0
1.184068,0.0,0.0,0.0
1.1983369999999987,0.0,0.0,0.0
1.2135560000000005,0.0,0.0,0.0
1.226782,0.0,0.0,0.0
1.3403400000000012,0.0,0.0,0.0
1.3545179999999988,0.0,0.0,0.0
1.368748,0.0,0.0,0.0
1.3819510000000008,0.0,0.0,0.0
1.3971690000000017,0.0,0.0,0.0
1.4104060000000018,0.0,0.0,0.0
1.4236229999999992,0.0,0.0,0.0
1.537034000000002,0.0,0.0,0.0
1.5523759999999989,0.0,0.0,0.0
1.5655929999999998,0.0,0.0,0.0
1.580833000000002,0.0,0.0,0.0
1.5950230000000012,0.0,0.0,0.0
1.6092650000000006,0.0,0.0,0.0
1.7227850000000018,0.0,0.0,0.0
1.8364499999999992,0.0,0.0,0.0
1.8498020000000004,0.0,0.0,0.0
1.8637900000000016,0.0,0.0,0.0
1.8780040000000007,0.0,0.0,0.0
1.8922120000000007,0.0,0.0,0.0
1.9074799999999996,0.0,0.0,0.0
1.9216900000000017,0.0,0.0,0.0
1.9379169999999988,0.0,0.0,0.0
1.952133,0.0,0.0,0.0
1.9663439999999994,0.0,0.0,0.0
1.9805859999999988,0.0,0.0,0.0
1.9938070000000003,0.0,0.0,0.0
2.008025,0.0,0.0,0.0
2.1214890000000004,0.0,0.0,0.0
2.152204000000001,0.0,0.0,0.0
2.1827369999999995,0.0,0.0,6.25
2.214497999999999,43.982297150257104,48.86921905584123,6.25
2.2449769999999987,91.45525280450288,98.43656981248017,6.25
2.2756989999999995,112.39920382843479,119.38052083641213,6.25
2.3064169999999997,123.56931104119855,127.05996954518719,6.25
2.337168000000002,128.45623294678262,131.94689145077132,6.25
2.367789000000002,131.24875974997357,134.0412865531645,6.25
2.3990170000000006,134.0412865531645,138.23007675795088,6.25
2.4297059999999995,133.34315485236675,137.53194505715314,6.25
2.4604229999999987,133.34315485236675,138.23007675795088,6.25
2.491064999999999,132.64502315156906,137.53194505715314,6.25
2.521604,133.34315485236675,139.62634015954637,6.25
2.552202000000001,133.34315485236675,139.62634015954637,6.25
2.582922,134.73941825396224,140.3244718603441,6.25
2.6147339999999986,138.92820845874866,145.21139376592822,6.25
2.645302000000001,134.0412865531645,141.0226035611418,6.25
2.6759340000000016,134.0412865531645,140.3244718603441,6.25
2.7064400000000006,134.0412865531645,140.3244718603441,6.25
2.737014000000002,134.0412865531645,141.0226035611418,6.25
2.7677300000000002,135.43754995475996,141.72073526193955,6.25
2.7991729999999997,137.53194505715314,144.51326206513048,6.25
2.8295010000000005,133.34315485236675,139.62634015954637,6.25
2.8600959999999986,134.73941825396224,141.0226035611418,6.25
2.8910020000000003,136.1356816555577,142.4188669627373,6.25
2.9216830000000016,135.43754995475996,141.0226035611418,6.25
2.9520240000000015,134.0412865531645,138.23007675795088,6.25
2.9835579999999986,138.92820845874866,143.81513036433276,6.25
3.0140770000000003,134.73941825396224,138.92820845874866,6.25
3.0445649999999986,134.0412865531645,138.92820845874866,6.25
3.075258999999999,135.43754995475996,139.62634015954637,6.25
3.1059300000000007,135.43754995475996,139.62634015954637,6.25
3.1366690000000013,136.1356816555577,140.3244718603441,6.25
3.1673480000000005,135.43754995475996,139.62634015954637,6.25
3.1985139999999994,137.53194505715314,141.0226035611418,6.25
3.2291409999999985,135.43754995475996,139.62634015954637,6.25
3.2598930000000017,136.1356816555577,139.62634015954637,6.25
3.290528000000002,135.43754995475996,138.92820845874866,6.25
3.321003000000001,134.73941825396224,138.92820845874866,6.25
3.3516569999999994,136.1356816555577,139.62634015954637,6.25
3.3823919999999994,135.43754995475996,139.62634015954637,6.25
3.4140690000000014,140.3244718603441,144.51326206513048,6.25
3.4446420000000018,134.73941825396224,139.62634015954637,6.25
3.4753749999999997,135.43754995475996,139.62634015954637,6.25
3.505932999999999,135.43754995475996,139.62634015954637,6.25
3.5366050000000016,136.1356816555577,139.62634015954637,6.25
3.567292000000002,135.43754995475996,141.0226035611418,6.25
3.598783000000001,139.62634015954637,144.51326206513048,6.25
3.629429000000002,135.43754995475996,140.3244718603441,6.25
3.659956000000001,135.43754995475996,141.0226035611418,6.25
3.6906360000000014,136.1356816555577,141.0226035611418,6.25
3.7212490000000003,135.43754995475996,140.3244718603441,6.25
3.7520810000000004,136.1356816555577,141.72073526193955,6.25
3.7826470000000008,134.73941825396224,140.3244718603441,6.25
3.814492999999999,139.62634015954637,146.60765716752368,6.25
3.8450120000000005,134.0412865531645,139.62634015954637,6.25
3.875655000000002,134.73941825396224,141.0226035611418,6.25
3.9063820000000007,135.43754995475996,141.0226035611418,6.25
3.9369879999999995,134.73941825396224,140.3244718603441,6.25
3.967594000000002,134.0412865531645,139.62634015954637,6.25
3.9989290000000004,138.23007675795088,145.21139376592822,6.25
4.029416999999999,134.73941825396224,141.0226035611418,6.25
4.059984,134.0412865531645,141.0226035611418,6.25
4.090577,135.43754995475996,141.72073526193955,6.25
4.121193999999999,134.0412865531645,141.0226035611418,6.25
4.152018999999999,136.1356816555577,141.72073526193955,6.25
4.182589,134.73941825396224,141.72073526193955,6.25
4.214423,140.3244718603441,146.60765716752368,6.25
4.245016,134.0412865531645,140.3244718603441,6.25
4.2757439999999995,135.43754995475996,142.4188669627373,6.25
4.306536999999999,136.1356816555577,142.4188669627373,6.25
4.3373300000000015,135.43754995475996,141.72073526193955,6.25
4.3678740000000005,135.43754995475996,141.72073526193955,6.25
4.399356000000001,138.92820845874866,145.21139376592822,6.25
4.429915000000001,134.73941825396224,141.0226035611418,6.25
4.460352,134.0412865531645,140.3244718603441,6.25
4.491056,135.43754995475996,141.72073526193955,6.25
4.521809000000001,136.1356816555577,141.72073526193955,6.25
4.552509000000001,134.73941825396224,141.72073526193955,6.25
4.583005,134.73941825396224,141.0226035611418,6.25
4.614619000000001,139.62634015954637,146.60765716752368,6.25
4.645235,135.43754995475996,141.72073526193955,6.25
4.675865000000002,134.73941825396224,141.72073526193955,6.25
4.706534999999999,135.43754995475996,142.4188669627373,6.25
4.737141999999999,134.73941825396224,141.0226035611418,6.25
4.7676690000000015,135.43754995475996,141.72073526193955,6.25
4.79907,138.92820845874866,145.90952546672594,6.25
4.829750000000001,135.43754995475996,141.72073526193955,6.25
4.860385000000001,135.43754995475996,141.72073526193955,6.25
4.890879000000002,135.43754995475996,141.72073526193955,6.25
4.921568000000001,136.1356816555577,141.72073526193955,6.25
4.952142000000002,135.43754995475996,141.72073526193955,6.25
4.982742999999999,135.43754995475996,141.0226035611418,6.25
5.014275999999999,140.3244718603441,147.30578886832143,6.25
5.044884,135.43754995475996,141.72073526193955,6.25
5.075620000000001,136.1356816555577,142.4188669627373,6.25
5.1061830000000015,135.43754995475996,141.72073526193955,6.25
5.136792,135.43754995475996,141.72073526193955,6.25
5.167259000000001,134.73941825396224,141.72073526193955,6.25
5.198622,138.92820845874866,145.90952546672594,6.25
5.229227000000002,135.43754995475996,142.4188669627373,6.25
5.259691,134.73941825396224,142.4188669627373,6.25
5.2903839999999995,136.1356816555577,143.116998663535,6.25
5.321061,136.1356816555577,143.116998663535,6.25
5.351662000000001,135.43754995475996,143.116998663535,6.25
5.382078,135.43754995475996,142.4188669627373,6.25
5.4136489999999995,139.62634015954637,147.30578886832143,6.25
5.444296999999999,136.1356816555577,143.81513036433276,6.25
5.474878,136.1356816555577,143.116998663535,6.25
5.505322,134.73941825396224,142.4188669627373,6.25
5.535966999999999,136.1356816555577,143.81513036433276,6.25
5.566744,136.1356816555577,144.51326206513048,6.25
5.598179000000002,138.92820845874866,146.60765716752368,6.25
5.6287769999999995,136.1356816555577,143.116998663535,6.25
5.6592839999999995,135.43754995475996,142.4188669627373,6.25
5.689816,135.43754995475996,143.116998663535,6.25
5.720445000000002,135.43754995475996,142.4188669627373,6.25
5.75094,136.1356816555577,143.116998663535,6.25
5.7816399999999994,136.1356816555577,143.116998663535,6.25
5.813535999999999,141.72073526193955,148.7020522699169,6.25
5.8442630000000015,136.1356816555577,143.81513036433276,6.25
5.874813,136.1356816555577,142.4188669627373,6.25
5.905394000000001,135.43754995475996,142.4188669627373,6.25
5.935803,135.43754995475996,142.4188669627373,6.25
5.966446000000001,136.1356816555577,143.116998663535,6.25
5.997658000000001,138.23007675795088,145.90952546672594,6.25
6.028317999999999,136.1356816555577,143.116998663535,6.25
6.059028999999999,136.83381335635542,143.116998663535,6.25
6.089856000000001,136.83381335635542,144.51326206513048,6.25
6.120521,136.1356816555577,143.81513036433276,6.25
6.151251000000002,136.83381335635542,143.81513036433276,6.25
6.181999000000001,136.1356816555577,142.4188669627373,6.25
6.2134789999999995,140.3244718603441,148.00392056911915,6.25
6.244088999999999,136.1356816555577,142.4188669627373,6.25
6.274799999999999,136.83381335635542,143.81513036433276,6.25
6.305506000000001,136.83381335635542,143.81513036433276,6.25
6.336100000000002,135.43754995475996,142.4188669627373,6.25
6.366826,136.83381335635542,143.81513036433276,6.25
6.398167000000001,139.62634015954637,147.30578886832143,6.25
6.428695000000001,135.43754995475996,143.116998663535,6.25
6.459389999999999,136.1356816555577,143.116998663535,6.25
6.489920999999999,136.1356816555577,143.81513036433276,6.25
6.520754,137.53194505715314,145.21139376592822,6.25
6.5513580000000005,136.1356816555577,143.116998663535,6.25
6.581951,136.1356816555577,143.81513036433276,6.25
6.613693000000001,141.0226035611418,148.7020522699169,6.25
6.6443270000000005,136.1356816555577,143.116998663535,6.25
6.674916,136.1356816555577,143.81513036433276,6.25
6.705532000000002,136.1356816555577,143.116998663535,6.25
6.736284999999999,136.83381335635542,143.81513036433276,6.25
6.7666889999999995,134.73941825396224,142.4188669627373,6.25
6.798009,139.62634015954637,146.60765716752368,6.25
6.828706,136.1356816555577,143.81513036433276,6.25
6.859349999999999,136.83381335635542,143.81513036433276,6.25
6.889875,135.43754995475996,143.116998663535,6.25
6.920321999999999,135.43754995475996,143.116998663535,6.25
6.951007000000001,136.83381335635542,143.81513036433276,6.25
6.981771000000002,136.83381335635542,144.51326206513048,6.25
7.013657000000002,141.72073526193955,150.09831567151232,6.25
7.044378000000002,136.83381335635542,144.51326206513048,6.25
7.075089999999999,136.83381335635542,143.81513036433276,6.25
7.105587,135.43754995475996,141.72073526193955,6.25
7.136043000000001,135.43754995475996,143.116998663535,6.25
7.166722,136.1356816555577,143.116998663535,6.25
7.198107,138.92820845874866,146.60765716752368,6.25
7.228560000000002,134.73941825396224,143.116998663535,6.25
7.259205999999999,135.43754995475996,143.81513036433276,6.25
7.289795000000002,134.73941825396224,143.116998663535,6.25
7.320423999999999,134.73941825396224,143.81513036433276,6.25
7.350916999999999,135.43754995475996,143.81513036433276,6.25
7.381661000000001,135.43754995475996,144.51326206513048,6.25
7.413325,139.62634015954637,149.40018397071458,6.25
7.443805000000001,135.43754995475996,143.116998663535,6.25
7.474418,134.73941825396224,143.81513036433276,6.25
7.504906999999999,135.43754995475996,143.81513036433276,6.25
7.535550000000001,135.43754995475996,144.51326206513048,6.25
7.566172999999999,136.1356816555577,143.81513036433276,6.25
7.597332999999999,138.23007675795088,146.60765716752368,6.25
7.627801999999999,134.73941825396224,143.81513036433276,6.25
7.658279,134.73941825396224,143.81513036433276,6.25
7.688866000000001,136.1356816555577,144.51326206513048,6.25
7.719543000000002,136.1356816555577,145.21139376592822,6.25
7.750268000000002,136.83381335635542,145.90952546672594,6.25
7.780994,136.1356816555577,145.21139376592822,6.25
7.812718,141.0226035611418,150.09831567151232,6.25
7.843346,135.43754995475996,143.81513036433276,6.25
7.873835,136.1356816555577,145.21139376592822,6.25
7.904408,136.1356816555577,144.51326206513048,6.25
7.934968000000001,136.1356816555577,144.51326206513048,6.25
7.965546,135.43754995475996,144.51326206513048,6.25
7.996855,139.62634015954637,148.7020522699169,6.25
8.027509000000002,136.83381335635542,145.21139376592822,6.25
8.058171999999999,136.1356816555577,144.51326206513048,6.25
8.088875999999999,136.1356816555577,145.21139376592822,6.25
8.119385000000001,136.83381335635542,144.51326206513048,6.25
8.150077,136.83381335635542,145.21139376592822,6.25
8.180714000000002,136.1356816555577,145.21139376592822,6.25
8.212464,141.0226035611418,149.40018397071458,6.25
8.243095,136.83381335635542,144.51326206513048,6.25
8.273729,136.1356816555577,143.81513036433276,6.25
8.304121000000002,135.43754995475996,143.116998663535,6.25
8.334783000000002,136.83381335635542,143.81513036433276,6.25
8.365407000000001,136.83381335635542,143.81513036433276,6.25
8.396656,138.92820845874866,145.90952546672594,6.25
8.427351999999999,136.83381335635542,141.0226035611418,6.25
8.457992,136.83381335635542,141.0226035611418,6.25
8.488586999999999,135.43754995475996,139.62634015954637,6.25
8.518958000000001,136.1356816555577,141.0226035611418,6.25
8.549661,136.1356816555577,142.4188669627373,6.25
8.580321000000001,136.83381335635542,142.4188669627373,6.25
8.611742,138.92820845874866,145.21139376592822,6.25
8.642213000000002,136.83381335635542,141.0226035611418,6.25
8.672920999999999,136.83381335635542,140.3244718603441,6.25
8.703582,136.1356816555577,141.0226035611418,6.25
8.734155000000001,136.1356816555577,140.3244718603441,6.25
8.764866000000001,136.83381335635542,141.0226035611418,6.25
8.796236,140.3244718603441,144.51326206513048,6.25
8.826948999999999,137.53194505715314,142.4188669627373,6.25
