t,wl,wr,u
0.0,0.0,0.0,0.0
0.049906000000000006,0.0,0.0,0.0
0.09992799999999935,0.0,0.0,0.0
0.1499220000000001,0.0,0.0,0.0
0.19994800000000001,0.0,0.0,0.0
0.24999899999999986,0.0,0.0,0.0
0.3635760000000001,0.0,0.0,0.0
0.39994399999999963,0.0,0.0,0.0
0.44994200000000006,0.0,0.0,0.0
0.5632829999999993,0.0,0.0,0.0
0.5999629999999998,0.0,0.0,0.0
0.6499410000000001,0.0,0.0,0.0
0.7000029999999997,0.0,0.0,0.0
0.7499219999999998,0.0,0.0,0.0
0.7999329999999993,0.0,0.0,0.0
0.9134459999999995,0.0,0.0,0.0
0.949961,0.0,0.0,0.0
0.9999560000000001,0.0,0.0,0.0
1.0499609999999997,0.0,0.0,0.0
1.09992,0.0,0.0,0.0
1.149978,0.0,0.0,0.0
1.1999209999999998,0.0,0.0,0.0
1.2499569999999993,0.0,0.0,0.0
1.2999239999999999,0.0,0.0,0.0
1.414453,0.0,0.0,0.0
1.4499369999999994,0.0,0.0,0.0
1.499923,0.0,0.0,0.0
1.54995,0.0,0.0,0.0
1.5999139999999992,0.0,0.0,0.0
1.6499499999999996,0.0,0.0,0.0
1.7000020000000005,0.0,0.0,0.0
1.7499419999999999,0.0,0.0,0.0
1.7999429999999998,0.0,0.0,0.0
1.8499240000000006,0.0,0.0,0.0
1.8999440000000005,0.0,0.0,0.0
1.9499819999999994,0.0,0.0,0.0
1.999975,0.0,0.0,0.0
2.0499269999999994,0.0,0.0,0.0
2.099906,0.0,0.0,0.0
2.149935,0.0,0.0,0.0
2.2000020000000005,0.0,0.0,0.0
2.2499329999999995,0.0,0.0,0.0
2.299988,0.0,0.0,0.0
2.3499279999999994,0.0,0.0,0.0
2.399928,0.0,0.0,0.0
2.4499389999999996,0.0,0.0,0.0
2.4999650000000004,0.0,0.0,0.0
2.549969999999999,0.0,0.0,0.0
2.6000039999999993,0.0,0.0,0.0
2.649933,0.0,0.0,0.0
2.699920999999999,0.0,0.0,0.0
2.7499469999999997,0.0,0.0,0.0
2.7999470000000004,0.0,0.0,0.0
2.849975999999999,0.0,0.0,0.0
2.8999560000000004,0.0,0.0,0.0
2.949986,0.0,0.0,0.0
2.9999119999999992,0.0,0.0,0.0
3.0499470000000004,0.0,0.0,0.0
3.100001,0.0,0.0,0.0
3.1499680000000003,0.0,0.0,0.0
3.1999579999999996,0.0,0.0,0.0
3.249942,0.0,0.0,0.0
3.2999199999999993,0.0,0.0,0.0
3.3499410000000003,0.0,0.0,0.0
3.399933,0.0,0.0,0.0
3.4499769999999996,0.0,0.0,0.0
3.499954,0.0,0.0,0.0
3.5499199999999993,0.0,0.0,0.0
3.5999229999999995,0.0,0.0,0.0
3.6499300000000003,0.0,0.0,0.0
3.6999959999999996,0.0,0.0,0.0
3.749961999999999,0.0,0.0,0.0
3.7999599999999996,0.0,0.0,0.0
3.8499220000000003,0.0,0.0,0.0
3.899971999999999,0.0,0.0,0.0
3.949903,0.0,0.0,0.0
3.9999720000000005,0.0,0.0,0.0
4.049945999999999,0.0,0.0,0.0
4.099913,0.0,0.0,0.0
4.149959999999999,0.0,0.0,0.0
4.199960999999999,0.0,0.0,0.0
4.249966999999999,0.0,0.0,0.0
4.363537999999999,0.0,0.0,0.0
4.400025,0.13962634015954634,0.27925268031909267,6.25
4.450048,22.47984076568696,24.57423586808016,6.25
4.499996,37.28023282259888,38.95574890451343,6.25
4.549983,41.46902302738527,42.16715472818299,6.25
4.6000950000000005,43.004912769140276,43.14453910929982,6.25
4.6501589999999995,43.42379178961892,44.12192349041665,6.25
4.7002239999999995,43.70304446993801,44.680428851054835,6.25
4.749961999999999,43.42379178961892,44.680428851054835,6.25
4.8000359999999995,43.70304446993801,45.099307871533476,6.25
4.849958,43.84267081009755,45.37856055185256,6.25
4.899959999999999,43.84267081009755,45.51818689201211,6.25
4.949953999999999,43.84267081009755,45.51818689201211,6.25
4.99997,43.982297150257104,45.937065912490745,6.25
5.049959,43.982297150257104,45.7974395723312,6.25
5.100003999999999,44.12192349041665,45.937065912490745,6.25
5.15012,44.12192349041665,46.07669225265029,6.25
5.200072999999999,44.26154983057619,46.07669225265029,6.25
5.250079,44.26154983057619,45.937065912490745,6.25
5.299959,44.12192349041665,45.937065912490745,6.25
5.349944,44.40117617073574,46.21631859280985,6.25
5.399997,44.40117617073574,46.07669225265029,6.25
5.449967,44.26154983057619,45.937065912490745,6.25
5.499999,44.54080251089529,46.07669225265029,6.25
5.549981,44.26154983057619,46.07669225265029,6.25
5.600089999999999,44.26154983057619,46.07669225265029,6.25
5.649964,43.982297150257104,46.35594493296939,6.25
5.700155999999999,44.26154983057619,46.21631859280985,6.25
5.750001,44.12192349041665,45.937065912490745,6.25
5.800135999999999,44.12192349041665,46.21631859280985,6.25
5.849939999999999,44.12192349041665,45.937065912490745,6.25
5.899968,44.12192349041665,45.937065912490745,6.25
5.949967,44.12192349041665,45.937065912490745,6.25
6.000020999999999,44.26154983057619,45.65781323217166,6.25
6.050088999999999,43.982297150257104,45.7974395723312,6.25
6.099944,44.26154983057619,46.07669225265029,6.25
6.15013,44.12192349041665,46.35594493296939,6.25
6.199991,44.12192349041665,46.35594493296939,6.25
6.250098,44.12192349041665,46.63519761328848,6.25
6.299974,43.982297150257104,46.35594493296939,6.25
6.350060999999999,44.40117617073574,46.35594493296939,6.25
6.399994,43.982297150257104,46.35594493296939,6.25
6.4500660000000005,44.26154983057619,46.63519761328848,6.25
6.499982999999999,43.982297150257104,46.49557127312894,6.25
6.550016,44.26154983057619,46.77482395344802,6.25
6.600089999999999,44.12192349041665,46.63519761328848,6.25
6.649969,44.12192349041665,46.63519761328848,6.25
6.700423,44.54080251089529,46.91445029360758,6.25
6.749999,43.84267081009755,45.937065912490745,6.25
6.800026,44.26154983057619,46.49557127312894,6.25
6.849939,43.982297150257104,46.49557127312894,6.25
6.900237,44.54080251089529,46.91445029360758,6.25
6.950007,43.84267081009755,46.35594493296939,6.25
6.999987999999999,44.26154983057619,46.77482395344802,6.25
7.050311999999999,44.54080251089529,46.91445029360758,6.25
7.099949999999999,43.982297150257104,46.35594493296939,6.25
7.1501410000000005,44.26154983057619,46.77482395344802,6.25
7.200105,44.40117617073574,46.77482395344802,6.25
7.250061999999999,44.12192349041665,46.77482395344802,6.25
7.300002999999999,44.12192349041665,46.49557127312894,6.25
7.349982999999999,44.12192349041665,46.49557127312894,6.25
7.400006,44.26154983057619,46.77482395344802,6.25
7.4499260000000005,44.26154983057619,46.49557127312894,6.25
7.499997,44.26154983057619,46.77482395344802,6.25
7.549957999999999,44.26154983057619,46.77482395344802,6.25
7.600046999999999,44.40117617073574,46.77482395344802,6.25
7.650161,44.40117617073574,47.19370297392667,6.25
7.700143999999999,44.40117617073574,46.91445029360758,6.25
7.749949999999999,44.26154983057619,46.63519761328848,6.25
7.800059999999999,44.40117617073574,47.05407663376712,6.25
7.850006,44.40117617073574,46.91445029360758,6.25
7.900142,44.54080251089529,46.77482395344802,6.25
7.950124999999999,44.40117617073574,46.63519761328848,6.25
8.000070000000001,44.40117617073574,46.63519761328848,6.25
8.049975,44.26154983057619,46.77482395344802,6.25
8.099943,44.40117617073574,46.77482395344802,6.25
8.149975000000001,44.40117617073574,46.91445029360758,6.25
8.200112999999998,44.54080251089529,47.05407663376712,6.25
8.250069,44.12192349041665,46.63519761328848,6.25
8.29993,44.40117617073574,46.77482395344802,6.25
8.350085,44.54080251089529,46.91445029360758,6.25
8.39995,44.26154983057619,46.91445029360758,6.25
8.449936999999998,44.40117617073574,47.05407663376712,6.25
8.499956999999998,44.40117617073574,46.91445029360758,6.25
8.550000999999998,44.54080251089529,47.05407663376712,6.25
8.600047,44.40117617073574,47.05407663376712,6.25
8.649992999999998,44.54080251089529,47.05407663376712,6.25
8.700088000000001,44.40117617073574,46.91445029360758,6.25
8.749973,44.680428851054835,47.05407663376712,6.25
8.80001,44.40117617073574,47.05407663376712,6.25
8.849934000000001,44.54080251089529,47.05407663376712,6.25
8.899958999999999,44.54080251089529,47.19370297392667,6.25
8.949983,44.680428851054835,47.33332931408621,6.25
9.000036999999999,44.680428851054835,47.19370297392667,6.25
9.049938000000001,44.40117617073574,47.05407663376712,6.25
9.099944999999998,44.54080251089529,47.33332931408621,6.25
9.150064,44.680428851054835,47.19370297392667,6.25
9.199983,44.54080251089529,47.33332931408621,6.25
9.250118,44.82005519121438,47.33332931408621,6.25
9.299992,44.40117617073574,47.19370297392667,6.25
9.350000000000001,44.54080251089529,47.19370297392667,6.25
9.399939,44.680428851054835,47.19370297392667,6.25
9.449967000000001,44.54080251089529,47.19370297392667,6.25
9.500036999999999,44.680428851054835,47.19370297392667,6.25
